Round 0: [[0, 0, 0, 0, 1, 1], [1, 1, 1, 1], [1, 1, 1, 1], [0, 1, 1, 0, 1], [1, 1, 1, 1], [1, 1, 0, 0, 1], [0, 1, 1, 1], [1, 0, 1, 0, 1], [0, 0, 1, 1, 1], [1, 0, 1, 1], [1, 1, 1, 1], [0, 1, 1, 0, 1], [1, 1, 1, 0], [1, 1, 1, 1], [1, 0, 0, 1, 1], [0, 1, 1, 0, 1]]
Round 1: [[0, 1, 1, 0, 1], [1, 1, 0, 1], [1, 1, 1, 1], [0, 1, 1, 1], [1, 1, 0, 1], [1, 1, 1, 1], [1, 0, 1, 1], [0, 1, 1, 1], [1, 0, 0, 1, 1], [1, 1, 1, 1], [1, 1, 1, 1], [1, 1, 1, 1], [1, 1, 1, 1], [1, 1, 1, 1], [0, 1, 0, 1, 1], [1, 1, 0, 0, 1]]
Round 2: [[0, 1, 1, 1], [1, 1, 1, 1], [0, 1, 1, 1], [1, 0, 1, 1], [1, 1, 1, 0], [1, 1, 1, 1], [1, 1, 0, 1], [0, 1, 1, 1], [1, 1, 0, 0, 1], [1, 1, 0, 1], [1, 1, 1, 1], [1, 1, 1, 1], [1, 1, 1, 1], [0, 1, 1, 1], [1, 0, 1, 1], [0, 1, 1, 1]]
Round 3: [[0, 1, 1, 0, 0, 0], [0, 1, 1, 0, 1], [0, 1, 0, 1, 0, 1], [1, 1, 1, 1], [1, 1, 1, 1], [1, 1, 1, 1], [1, 1, 0, 1], [1, 1, 0, 1], [1, 0, 0, 1, 1], [1, 0, 1, 0, 1], [1, 1, 0, 1], [1, 1, 1, 1], [1, 1, 1, 0], [1, 1, 1, 1], [0, 1, 1, 1], [1, 0, 1, 1]]
Round 4: [[1, 1, 1, 0], [1, 1, 1, 0], [1, 1, 1, 1], [1, 0, 1, 1], [1, 1, 1, 1], [0, 0, 1, 0, 0, 1], [1, 1, 1, 1], [0, 1, 1, 1], [1, 1, 1, 1], [1, 1, 1, 1], [1, 1, 1, 1], [1, 1, 1, 1], [0, 1, 1, 1], [0, 0, 1, 1, 1], [0, 1, 1, 1], [1, 0, 0, 1, 1]]
Round 5: [[0, 0, 1, 0, 1, 1], [1, 1, 1, 1], [1, 1, 1, 1], [0, 1, 1, 1], [1, 1, 0, 0, 1], [1, 1, 1, 0], [1, 1, 1, 1], [0, 1, 1, 1], [1, 1, 1, 1], [1, 1, 1, 1], [1, 0, 0, 0, 0, 1], [0, 1, 0, 1, 1], [1, 0, 1, 0, 1], [1, 1, 1, 1], [1, 0, 1, 0, 1], [0, 1, 1, 1]]
Round 6: [[0, 1, 1, 1], [1, 1, 1, 1], [1, 1, 1, 1], [1, 1, 1, 1], [1, 1, 1, 0], [1, 1, 1, 1], [0, 1, 1, 0, 1], [1, 0, 1, 1], [1, 1, 1, 0], [1, 0, 1, 1], [0, 0, 1, 1, 1], [1, 0, 0, 1, 1], [1, 1, 1, 1], [1, 1, 1, 1], [1, 1, 1, 0], [0, 1, 1, 0, 0, 1]]
Round 7: [[0, 1, 1, 1], [1, 1, 0, 1], [1, 1, 1, 1], [0, 1, 1, 1], [1, 1, 1, 1], [1, 1, 0, 1], [1, 1, 0, 1], [1, 1, 0, 0, 1], [1, 1, 0, 0, 1], [1, 1, 1, 1], [0, 1, 1, 1], [0, 1, 1, 1], [1, 0, 0, 1, 1], [1, 1, 1, 1], [0, 1, 1, 1], [0, 1, 1, 1]]
Round 8: [[0, 1, 1, 0, 1], [1, 1, 0, 1], [0, 1, 1, 1], [1, 0, 0, 0, 0, 1], [1, 1, 1, 1], [1, 1, 1, 1], [0, 1, 0, 1, 0, 1], [0, 1, 1, 0, 1], [1, 1, 1, 0], [1, 1, 0, 1], [0, 1, 0, 0, 1, 1], [0, 1, 1, 1], [1, 1, 1, 1], [0, 1, 1, 1], [1, 0, 1, 1], [1, 1, 1, 0]]
Round 9: [[0, 0, 0, 1, 1, 1], [1, 1, 1, 1], [1, 0, 1, 1], [1, 0, 1, 1], [1, 0, 1, 1], [1, 1, 1, 0], [1, 1, 0, 0, 1], [1, 1, 0, 0, 1], [1, 1, 1, 0], [0, 1, 1, 0, 1], [0, 1, 0, 1, 1], [1, 0, 1, 1], [1, 1, 1, 1], [0, 0, 1, 1, 1], [0, 1, 0, 1, 1], [1, 0, 0, 1, 0, 1]]
Round 10: [[1, 1, 1, 1], [1, 1, 1, 0], [1, 1, 1, 1], [1, 1, 1, 1], [1, 1, 1, 0], [1, 1, 1, 0], [1, 0, 0, 1, 1], [1, 0, 1, 1], [0, 0, 1, 1, 0, 1], [1, 1, 1, 1], [1, 1, 1, 0], [1, 1, 0, 1], [1, 1, 0, 1], [0, 0, 0, 1, 1, 1], [1, 1, 1, 1], [0, 1, 1, 1]]
Round 11: [[1, 1, 1, 1], [1, 1, 1, 0], [1, 1, 1, 1], [1, 1, 0, 1], [0, 0, 0, 1, 1, 1], [0, 0, 1, 1, 1], [1, 1, 1, 1], [1, 1, 0, 1], [0, 1, 1, 1], [1, 0, 1, 1], [1, 0, 1, 1], [1, 1, 0, 1], [1, 0, 1, 1], [1, 1, 1, 1], [1, 0, 1, 1], [1, 1, 1, 1]]
Round 12: [[1, 1, 1, 1], [1, 1, 1, 0], [1, 1, 0, 1], [0, 1, 1, 1], [1, 1, 0, 1], [1, 1, 1, 1], [1, 0, 1, 1], [1, 0, 1, 0, 1], [1, 1, 1, 1], [1, 1, 1, 1], [1, 0, 1, 0, 1], [1, 0, 1, 0, 1], [1, 1, 1, 1], [1, 1, 1, 1], [1, 0, 0, 1, 1], [0, 1, 0, 1, 1]]
Round 13: [[1, 1, 1, 1], [1, 1, 1, 1], [0, 1, 0, 1, 0, 1], [1, 0, 1, 1], [0, 1, 0, 0, 1, 1], [0, 1, 1, 0, 1], [1, 1, 1, 1], [0, 0, 0, 1, 0, 1], [0, 0, 1, 1, 1], [0, 1, 1, 0, 1], [1, 0, 0, 1, 1], [1, 1, 1, 1], [1, 1, 0, 1], [0, 1, 1, 1], [0, 1, 1, 1], [0, 1, 1, 1]]
Round 14: [[1, 1, 1, 1], [1, 1, 1, 0], [1, 1, 1, 1], [1, 1, 0, 1], [1, 1, 1, 1], [1, 1, 1, 1], [1, 1, 1, 1], [1, 0, 0, 0, 1, 1], [1, 1, 1, 0], [1, 1, 1, 1], [1, 0, 0, 1, 1], [1, 0, 1, 1], [1, 1, 0, 1], [1, 1, 1, 0], [0, 1, 1, 1], [1, 1, 1, 1]]
Round 15: [[1, 0, 1, 1], [1, 0, 1, 1], [1, 1, 1, 0], [1, 1, 0, 1], [1, 1, 1, 1], [1, 1, 0, 1], [0, 1, 0, 1, 1], [1, 1, 1, 0], [0, 1, 1, 0, 1], [1, 1, 1, 1], [1, 0, 1, 0, 1], [0, 1, 1, 1], [0, 1, 1, 1], [1, 1, 0, 1], [1, 1, 1, 0], [0, 1, 1, 0, 1]]
Round 16: [[1, 0, 1, 0, 1], [1, 1, 1, 1], [1, 0, 1, 1], [1, 0, 1, 1], [0, 1, 0, 1, 0, 1], [1, 0, 1, 0, 1], [1, 1, 1, 1], [1, 1, 1, 0], [1, 1, 1, 0], [1, 1, 1, 1], [1, 1, 0, 1], [1, 1, 1, 1], [1, 1, 1, 0], [1, 1, 1, 0], [1, 1, 1, 1], [1, 0, 1, 1]]
Round 17: [[1, 1, 1, 1], [1, 1, 1, 0], [1, 1, 0, 0, 1], [1, 1, 0, 0, 1], [1, 1, 1, 1], [1, 1, 0, 0, 0, 1], [0, 0, 1, 1, 1], [1, 0, 1, 0, 0, 1], [1, 1, 0, 1], [1, 1, 1, 1], [0, 0, 1, 1, 1], [0, 1, 0, 0, 1, 1], [1, 1, 0, 1], [1, 1, 1, 1], [1, 1, 0, 1], [1, 1, 1, 1]]
Round 18: [[0, 0, 1, 1, 1], [0, 1, 1, 1], [0, 0, 1, 1, 1], [1, 1, 0, 0, 1], [1, 0, 1, 1], [1, 0, 1, 1], [1, 1, 1, 1], [0, 1, 0, 1, 1], [1, 0, 0, 1, 1], [1, 1, 1, 1], [1, 1, 1, 1], [1, 1, 1, 1], [1, 0, 1, 1], [1, 1, 0, 1], [0, 1, 1, 1], [1, 1, 1, 0]]
Round 19: [[0, 1, 1, 0, 1], [0, 1, 1, 0, 1], [1, 1, 1, 1], [1, 1, 1, 0], [1, 1, 1, 1], [1, 0, 1, 0, 1], [1, 1, 0, 1], [1, 1, 0, 0, 1], [0, 1, 1, 1], [1, 1, 0, 1], [0, 1, 1, 1], [1, 1, 0, 1], [1, 1, 0, 1], [1, 1, 0, 0, 1], [1, 0, 1, 1], [0, 1, 1, 1]]
Round 20: [[1, 1, 0, 1], [1, 0, 1, 1], [1, 0, 1, 1], [1, 1, 0, 1], [1, 0, 1, 0, 1], [1, 1, 1, 0], [0, 0, 1, 1, 1, 0], [0, 1, 1, 1], [1, 0, 1, 1], [0, 1, 0, 1, 0, 0], [0, 0, 1, 1, 1], [0, 0, 1, 1, 1], [1, 1, 1, 1], [0, 1, 1, 0, 1], [1, 1, 1, 1], [1, 1, 0, 1]]
Round 21: [[1, 1, 0, 1], [1, 1, 1, 0], [1, 1, 1, 1], [1, 1, 1, 1], [0, 1, 1, 1], [1, 1, 1, 1], [1, 0, 1, 0, 1], [1, 0, 1, 0, 1], [0, 1, 1, 1], [1, 0, 1, 1], [1, 1, 0, 1], [0, 1, 1, 0, 0, 1], [1, 1, 1, 1], [1, 0, 1, 1], [0, 1, 1, 1], [1, 1, 1, 1]]
Round 22: [[1, 0, 0, 1, 0, 1], [0, 1, 0, 1, 0, 0], [0, 0, 0, 1, 0, 1], [0, 1, 1, 1], [1, 1, 0, 0, 1], [1, 1, 1, 1], [1, 1, 0, 1], [1, 1, 1, 1], [0, 0, 1, 1, 0, 1], [1, 0, 1, 1], [1, 0, 1, 1], [0, 0, 1, 0, 1, 1], [0, 1, 1, 0, 1], [1, 1, 1, 1], [1, 1, 1, 1], [1, 1, 0, 1]]
Round 23: [[1, 1, 1, 1], [1, 1, 0, 1], [1, 1, 1, 0], [1, 0, 1, 0, 1], [1, 0, 1, 0, 0, 0], [1, 1, 1, 1], [1, 1, 1, 1], [0, 0, 0, 0, 1, 0], [0, 1, 1, 0, 1], [1, 0, 0, 1, 1], [1, 1, 0, 1], [1, 1, 0, 1], [1, 1, 1, 1], [1, 1, 1, 1], [1, 0, 1, 1], [1, 1, 1, 1]]
Round 24: [[1, 1, 1, 1], [1, 1, 1, 0], [1, 0, 1, 1], [0, 1, 0, 1, 1], [1, 1, 1, 0], [1, 1, 1, 1], [1, 1, 1, 0], [0, 1, 1, 1], [1, 0, 1, 1], [0, 1, 1, 1], [1, 1, 1, 1], [1, 1, 1, 1], [1, 1, 1, 1], [1, 1, 1, 0], [1, 1, 1, 1], [0, 1, 1, 1]]
Round 25: [[0, 1, 1, 1], [1, 1, 1, 0], [1, 1, 1, 0], [1, 0, 1, 0, 1], [1, 1, 1, 1], [1, 1, 0, 1], [1, 1, 1, 1], [1, 0, 0, 1, 0, 1], [1, 1, 1, 0], [1, 1, 1, 1], [1, 1, 0, 1], [1, 1, 1, 0], [1, 0, 0, 1, 1], [1, 1, 1, 1], [1, 1, 1, 0], [1, 0, 1, 1]]
Round 26: [[1, 1, 1, 0], [1, 1, 1, 0], [1, 1, 1, 1], [1, 1, 1, 0], [1, 1, 1, 1], [1, 1, 1, 1], [0, 0, 1, 0, 1, 0], [0, 1, 1, 1], [1, 1, 1, 0], [1, 1, 1, 0], [1, 1, 1, 1], [1, 1, 1, 0], [0, 1, 1, 1], [1, 0, 1, 1], [1, 1, 1, 1], [1, 1, 1, 1]]
Round 27: [[1, 0, 1, 1], [1, 0, 1, 1], [1, 1, 1, 1], [0, 1, 1, 1], [0, 0, 1, 1, 1], [0, 1, 0, 1, 1], [0, 0, 1, 1, 1], [1, 0, 1, 1], [1, 0, 1, 1], [1, 1, 1, 0], [1, 1, 1, 1], [1, 1, 1, 1], [0, 1, 0, 0, 1, 1], [1, 0, 1, 1], [1, 1, 1, 1], [1, 1, 1, 0]]
Round 28: [[0, 0, 0, 1, 0, 1], [1, 1, 1, 0], [1, 1, 1, 1], [0, 1, 1, 1], [0, 1, 0, 1, 1], [1, 1, 1, 1], [0, 1, 1, 1], [1, 0, 0, 1, 1], [1, 0, 0, 1, 1], [1, 1, 1, 1], [1, 1, 1, 0], [1, 1, 1, 1], [1, 0, 1, 1], [1, 1, 1, 1], [0, 1, 1, 1], [1, 1, 1, 0]]
Round 29: [[0, 1, 1, 1], [1, 1, 1, 0], [0, 0, 0, 1, 1, 1], [1, 1, 1, 1], [1, 0, 0, 1, 0, 0], [1, 0, 1, 1], [0, 0, 1, 1, 1], [1, 1, 1, 1], [1, 0, 1, 0, 0, 1], [0, 1, 1, 1], [1, 0, 1, 1], [1, 1, 0, 1], [1, 1, 1, 1], [0, 1, 1, 1], [1, 1, 1, 1], [1, 1, 0, 1]]
Round 30: [[0, 1, 0, 1, 1], [1, 1, 1, 1], [1, 1, 1, 1], [1, 1, 1, 1], [1, 1, 1, 1], [1, 0, 0, 1, 0, 1], [1, 0, 1, 0, 0, 1], [1, 1, 0, 1], [1, 1, 1, 1], [1, 0, 1, 1], [1, 0, 1, 0, 1], [1, 1, 0, 0, 0, 1], [1, 1, 0, 0, 1], [0, 1, 1, 1], [1, 0, 1, 1], [1, 1, 1, 1]]
Round 31: [[0, 1, 0, 1, 1], [1, 1, 1, 1], [1, 0, 1, 1], [1, 1, 0, 1], [1, 1, 1, 0], [1, 1, 1, 0], [1, 1, 0, 0, 0, 1], [1, 1, 1, 1], [1, 1, 0, 1], [1, 0, 0, 1, 1], [0, 1, 0, 0, 1, 1], [1, 0, 1, 1], [1, 1, 1, 1], [1, 1, 1, 1], [0, 1, 1, 1], [0, 1, 1, 1]]
Round 32: [[1, 0, 0, 1, 1], [0, 1, 1, 1], [0, 1, 1, 1], [0, 1, 1, 1], [0, 1, 0, 1, 1], [1, 1, 1, 1], [1, 1, 1, 0], [1, 0, 0, 0, 1, 1], [0, 1, 1, 1], [1, 0, 1, 0, 1], [0, 1, 1, 1], [1, 1, 1, 1], [0, 1, 0, 1, 0, 0], [1, 1, 1, 1], [0, 1, 1, 0, 1], [1, 1, 1, 0]]
Round 33: [[1, 1, 1, 0], [1, 1, 0, 1], [1, 1, 1, 1], [1, 1, 1, 1], [1, 1, 0, 1], [1, 1, 1, 0], [0, 1, 0, 0, 0, 1], [1, 1, 1, 0], [1, 0, 1, 1], [1, 1, 1, 1], [1, 1, 1, 1], [1, 1, 1, 1], [1, 1, 1, 1], [1, 1, 0, 1], [1, 1, 1, 0], [0, 1, 1, 1]]
Round 34: [[0, 1, 1, 1], [0, 1, 0, 1, 1], [0, 0, 1, 0, 1, 1], [0, 1, 1, 0, 1], [0, 0, 1, 0, 1, 1], [1, 0, 1, 1], [1, 1, 0, 1], [1, 1, 1, 1], [1, 0, 1, 0, 1], [1, 1, 1, 1], [1, 0, 0, 1, 1], [1, 1, 0, 1], [1, 1, 1, 1], [0, 1, 1, 1], [1, 1, 1, 1], [0, 0, 1, 1, 1]]
Round 35: [[1, 1, 1, 1], [1, 0, 0, 1, 1], [0, 0, 1, 1, 1], [1, 0, 1, 1], [1, 1, 1, 1], [1, 0, 1, 1], [1, 1, 0, 1], [1, 1, 0, 1], [1, 0, 0, 0, 1, 1], [1, 1, 1, 1], [1, 1, 1, 0], [1, 1, 1, 1], [1, 1, 1, 1], [1, 1, 0, 1], [0, 0, 1, 1, 1], [1, 1, 0, 0, 1]]
Round 36: [[1, 1, 1, 1], [1, 1, 1, 1], [1, 1, 0, 1], [1, 1, 1, 1], [1, 0, 1, 1], [1, 0, 1, 1], [1, 1, 1, 1], [0, 1, 1, 1], [0, 1, 1, 0, 1], [1, 1, 1, 1], [1, 1, 1, 0], [1, 1, 1, 1], [1, 1, 1, 1], [1, 1, 1, 1], [1, 1, 1, 1], [1, 1, 0, 1]]
Round 37: [[1, 1, 0, 1], [1, 1, 0, 1], [1, 0, 0, 1, 0, 1], [1, 0, 1, 1], [1, 1, 1, 1], [1, 0, 1, 1], [0, 1, 1, 1], [1, 1, 1, 1], [0, 1, 1, 0, 0, 1], [0, 1, 1, 1], [1, 0, 1, 1], [1, 1, 1, 0], [1, 0, 0, 1, 1], [1, 1, 1, 0], [1, 0, 1, 1], [1, 1, 1, 1]]
Round 38: [[1, 0, 1, 1], [1, 1, 1, 1], [1, 1, 1, 0], [0, 1, 1, 1], [0, 1, 1, 1], [1, 1, 1, 1], [1, 0, 1, 1], [0, 1, 1, 1], [1, 1, 1, 0], [1, 1, 1, 1], [1, 1, 1, 0], [1, 1, 1, 1], [0, 0, 0, 1, 1, 1], [0, 1, 1, 1], [1, 1, 1, 1], [1, 1, 1, 1]]
Round 39: [[1, 1, 1, 1], [0, 1, 1, 1], [1, 1, 0, 1], [0, 1, 1, 1], [1, 0, 1, 1], [0, 1, 1, 0, 1], [1, 1, 1, 1], [1, 1, 0, 1], [1, 1, 1, 0], [1, 1, 0, 1], [0, 1, 1, 1], [1, 1, 0, 1], [0, 1, 1, 1], [1, 1, 1, 0], [0, 1, 1, 1], [0, 1, 0, 1, 1]]
Round 40: [[0, 0, 1, 0, 1, 1], [1, 1, 0, 0, 1], [1, 0, 1, 1], [1, 0, 0, 1, 1], [1, 1, 1, 1], [1, 1, 1, 1], [1, 1, 1, 1], [1, 0, 1, 1], [1, 1, 1, 0], [1, 1, 1, 1], [0, 1, 1, 1], [0, 1, 1, 1], [1, 1, 1, 1], [0, 1, 1, 1], [1, 1, 1, 1], [1, 0, 1, 1]]
Round 41: [[1, 1, 0, 1], [1, 1, 1, 1], [1, 1, 0, 0, 1], [1, 1, 1, 0], [1, 1, 0, 1], [0, 0, 1, 1, 1], [1, 1, 0, 1], [1, 1, 1, 0], [1, 1, 0, 1], [1, 1, 1, 1], [1, 1, 1, 1], [1, 1, 1, 0], [1, 1, 1, 1], [1, 1, 1, 1], [1, 1, 1, 1], [1, 1, 1, 1]]
Round 42: [[1, 1, 1, 1], [0, 1, 1, 1], [0, 1, 1, 1], [1, 1, 0, 0, 1], [1, 1, 1, 0], [0, 1, 0, 0, 1, 0], [1, 1, 1, 0], [1, 1, 1, 1], [1, 1, 1, 1], [0, 0, 1, 1, 1], [1, 0, 0, 1, 1], [1, 1, 1, 1], [1, 1, 0, 1], [1, 1, 0, 1], [1, 1, 1, 0], [0, 1, 0, 0, 0, 1]]
Round 43: [[1, 0, 1, 0, 1], [1, 1, 1, 0], [1, 1, 1, 1], [0, 1, 1, 0, 0, 1], [0, 0, 1, 0, 1, 0], [1, 1, 1, 0], [1, 0, 1, 1], [1, 1, 1, 1], [1, 0, 0, 1, 1], [1, 1, 1, 1], [1, 1, 0, 1], [0, 1, 0, 0, 1, 1], [1, 1, 0, 1], [1, 0, 1, 1], [1, 1, 1, 1], [1, 1, 1, 1]]
Round 44: [[1, 1, 1, 1], [1, 1, 1, 1], [0, 1, 1, 1], [1, 1, 0, 1], [0, 1, 1, 0, 1], [1, 1, 0, 1], [1, 1, 1, 1], [1, 1, 1, 1], [1, 1, 1, 0], [1, 0, 1, 1], [0, 0, 0, 0, 1, 1], [1, 1, 1, 1], [1, 1, 1, 1], [1, 1, 1, 1], [1, 0, 0, 1, 1], [0, 1, 1, 0, 0, 1]]
Round 45: [[0, 0, 1, 0, 1, 1], [1, 1, 1, 0], [1, 1, 1, 1], [1, 1, 1, 1], [1, 0, 0, 1, 1], [1, 1, 1, 0], [1, 1, 1, 1], [1, 1, 1, 1], [1, 1, 1, 0], [1, 1, 1, 1], [0, 0, 1, 1, 0, 1], [1, 1, 1, 1], [1, 0, 0, 0, 1, 1], [1, 1, 0, 1], [0, 1, 0, 1, 1], [1, 1, 1, 0]]
Round 46: [[0, 0, 1, 0, 1, 0], [1, 1, 1, 0], [1, 1, 1, 1], [1, 1, 1, 1], [1, 1, 0, 1], [1, 1, 0, 1], [1, 1, 0, 0, 1], [1, 1, 1, 0], [1, 1, 0, 1], [0, 0, 0, 0, 1, 1], [1, 1, 0, 1], [1, 0, 1, 0, 1, 1], [1, 1, 1, 0], [0, 1, 1, 1], [1, 0, 0, 0, 0, 1], [0, 1, 1, 0, 0, 0]]
Round 47: [[1, 1, 0, 0, 1], [1, 1, 0, 0, 1], [1, 1, 0, 0, 1], [1, 1, 1, 1], [1, 1, 1, 1], [1, 1, 1, 1], [0, 1, 0, 1, 1], [1, 1, 0, 1], [1, 1, 0, 0, 1], [1, 1, 1, 1], [1, 1, 1, 0], [1, 1, 1, 1], [1, 1, 1, 0], [1, 1, 0, 1], [1, 1, 0, 1], [1, 1, 1, 1]]
Round 48: [[0, 1, 1, 0, 1], [0, 1, 1, 1], [1, 1, 0, 1], [1, 0, 0, 1, 0, 1], [0, 1, 1, 0, 1], [1, 1, 1, 0], [1, 1, 1, 0], [1, 0, 1, 0, 1], [1, 1, 1, 1], [1, 0, 0, 1, 0, 0], [0, 1, 1, 0, 1], [1, 1, 1, 1], [0, 1, 1, 1], [1, 0, 1, 1], [0, 1, 1, 0, 1], [0, 1, 1, 0, 1]]
Round 49: [[0, 1, 1, 0, 1], [0, 1, 1, 1], [1, 1, 1, 1], [0, 0, 1, 0, 1, 1], [1, 1, 1, 1], [0, 1, 1, 0, 1], [1, 1, 1, 1], [0, 0, 1, 1, 1], [1, 1, 0, 1], [0, 1, 1, 1], [1, 1, 1, 1], [1, 0, 1, 1], [0, 1, 1, 1], [1, 1, 0, 1], [1, 1, 0, 1], [1, 1, 1, 1]]
Round 50: [[1, 1, 1, 1], [0, 1, 1, 1], [1, 1, 1, 1], [1, 0, 1, 1], [1, 0, 1, 1], [0, 0, 1, 1, 1], [1, 1, 1, 1], [1, 1, 0, 1], [0, 1, 0, 1, 0, 0], [1, 1, 1, 0], [1, 1, 1, 0], [0, 1, 1, 1], [0, 1, 1, 1], [1, 1, 1, 0], [1, 1, 0, 0, 1], [1, 1, 1, 1]]
Round 51: [[1, 0, 1, 1], [1, 0, 1, 1], [1, 0, 0, 1, 1], [0, 1, 1, 0, 0, 1], [1, 1, 0, 0, 1], [0, 1, 0, 1, 1], [1, 1, 1, 1], [1, 1, 0, 0, 1], [1, 1, 0, 1], [1, 1, 0, 0, 1], [1, 1, 0, 1], [1, 1, 1, 0], [0, 1, 1, 0, 1], [1, 1, 1, 1], [0, 0, 1, 1, 1], [1, 1, 1, 1]]
Round 52: [[0, 0, 1, 1, 0, 1], [0, 0, 1, 1, 1], [1, 1, 1, 1], [1, 1, 1, 0], [1, 1, 0, 1], [0, 1, 1, 1], [1, 1, 1, 1], [0, 1, 0, 1, 1], [1, 1, 1, 1], [1, 1, 1, 1], [0, 1, 1, 1], [1, 0, 1, 1], [0, 0, 1, 0, 1, 1], [1, 1, 0, 1], [1, 1, 0, 1], [0, 1, 0, 0, 1, 1]]
Round 53: [[1, 0, 1, 1], [1, 1, 1, 0], [1, 1, 1, 1], [1, 1, 1, 1], [0, 1, 0, 0, 1, 1], [1, 0, 1, 1], [1, 1, 0, 1], [1, 0, 0, 1, 1], [0, 1, 1, 0, 1], [1, 1, 1, 1], [1, 1, 1, 1], [1, 1, 1, 0], [0, 1, 1, 1], [1, 1, 0, 1], [0, 1, 1, 1], [0, 1, 1, 0, 1]]
Round 54: [[1, 1, 1, 1], [1, 1, 1, 1], [0, 1, 1, 1], [1, 1, 1, 1], [0, 1, 1, 1], [1, 1, 1, 1], [1, 1, 1, 1], [1, 1, 0, 1], [1, 1, 1, 1], [0, 1, 0, 0, 0, 0], [1, 0, 1, 1], [1, 1, 1, 1], [1, 1, 1, 1], [1, 1, 1, 1], [0, 1, 0, 0, 1, 0], [1, 1, 1, 0]]
Round 55: [[0, 1, 1, 0, 1], [0, 1, 1, 1], [0, 1, 1, 0, 1], [1, 1, 1, 1], [1, 1, 1, 1], [1, 0, 1, 1], [0, 0, 1, 1, 1], [1, 1, 1, 0], [0, 1, 1, 0, 0, 1], [1, 1, 1, 1], [1, 0, 1, 0, 1], [1, 1, 0, 1], [0, 0, 0, 0, 1, 1], [1, 1, 1, 1], [1, 1, 1, 1], [1, 1, 1, 0]]
Round 56: [[0, 1, 1, 1], [0, 0, 1, 0, 1, 1], [1, 0, 1, 0, 1], [0, 1, 1, 0, 0, 0], [0, 1, 1, 1], [1, 1, 1, 1], [1, 0, 1, 1], [1, 0, 1, 1], [0, 0, 0, 1, 1, 1], [0, 1, 1, 1], [1, 1, 1, 1], [1, 0, 1, 1], [1, 0, 0, 0, 1, 1], [1, 1, 1, 0], [1, 1, 0, 1], [0, 1, 0, 1, 1]]
Round 57: [[1, 1, 0, 0, 1], [1, 1, 1, 1], [1, 1, 1, 1], [0, 1, 0, 1, 1], [0, 0, 1, 0, 1, 1], [1, 1, 0, 1], [1, 1, 1, 1], [1, 1, 1, 1], [1, 1, 1, 0], [1, 0, 1, 0, 1], [0, 0, 1, 1, 1], [1, 1, 1, 1], [0, 1, 1, 1], [1, 0, 1, 0, 0, 1], [1, 1, 1, 1], [0, 0, 1, 1, 1]]
Round 58: [[1, 1, 1, 1], [1, 0, 1, 1], [1, 1, 1, 1], [0, 0, 0, 1, 1, 1], [1, 1, 1, 1], [1, 1, 0, 0, 0, 0], [1, 1, 1, 0], [1, 1, 0, 1], [1, 0, 1, 1], [1, 0, 1, 1], [1, 1, 0, 1], [1, 1, 1, 1], [1, 0, 1, 1], [1, 1, 0, 1], [0, 0, 1, 0, 1, 0], [1, 1, 1, 1]]
Round 59: [[0, 1, 1, 0, 1], [1, 1, 1, 1], [1, 0, 1, 1], [1, 1, 1, 1], [1, 1, 1, 1], [0, 1, 1, 1], [1, 1, 1, 1], [0, 1, 1, 1], [1, 1, 1, 1], [1, 0, 1, 1], [1, 1, 1, 1], [1, 1, 1, 1], [0, 1, 1, 1], [1, 1, 1, 0], [1, 1, 1, 1], [1, 1, 1, 1]]
Round 60: [[1, 1, 1, 0], [1, 1, 1, 1], [1, 0, 0, 0, 1, 1], [0, 0, 0, 1, 1, 0], [1, 1, 1, 0], [1, 1, 0, 1], [1, 1, 1, 0], [1, 1, 1, 1], [1, 1, 1, 0], [1, 0, 1, 1], [0, 1, 1, 1], [0, 1, 1, 1], [1, 1, 1, 1], [1, 1, 0, 1], [1, 1, 1, 1], [1, 1, 1, 0]]
Round 61: [[1, 1, 0, 1], [1, 1, 0, 1], [0, 1, 1, 0, 1], [1, 1, 1, 1], [0, 0, 1, 1, 1], [1, 1, 0, 1], [1, 1, 1, 0], [1, 1, 1, 1], [1, 1, 1, 1], [1, 0, 0, 1, 1], [1, 1, 1, 1], [1, 1, 1, 1], [1, 1, 1, 1], [0, 0, 1, 1, 1], [1, 1, 1, 1], [1, 1, 0, 1]]
Round 62: [[1, 1, 0, 1], [1, 1, 0, 1], [1, 1, 1, 1], [1, 1, 1, 1], [1, 0, 1, 1], [1, 0, 1, 1], [0, 1, 0, 1, 0, 1], [0, 1, 1, 1], [1, 1, 1, 1], [1, 1, 0, 1], [1, 0, 0, 0, 1, 1], [1, 1, 1, 1], [1, 1, 1, 1], [1, 1, 0, 0, 0, 1], [1, 1, 1, 1], [0, 0, 1, 1, 1]]
Round 63: [[0, 1, 1, 1], [1, 0, 1, 1], [1, 1, 0, 1], [1, 1, 0, 0, 1], [1, 1, 1, 1], [0, 1, 1, 0, 1], [1, 1, 0, 1], [1, 0, 0, 1, 1], [1, 1, 1, 1], [1, 1, 1, 1], [1, 1, 0, 0, 1], [0, 1, 1, 1], [1, 1, 1, 1], [0, 1, 1, 1], [1, 0, 0, 1, 1], [1, 1, 1, 0]]
Round 64: [[1, 1, 0, 0, 1], [0, 1, 1, 0, 0, 1], [1, 1, 0, 1], [1, 0, 1, 0, 1], [1, 1, 1, 1], [0, 0, 1, 0, 1, 1], [1, 1, 1, 1], [1, 0, 1, 0, 1], [0, 0, 1, 0, 1, 1], [0, 0, 1, 1, 1], [1, 0, 1, 1], [0, 0, 1, 1, 0, 1], [0, 1, 0, 1, 1], [1, 1, 1, 1], [1, 1, 1, 0], [1, 1, 1, 1]]
Round 65: [[1, 1, 1, 0], [1, 1, 1, 1], [1, 1, 1, 1], [0, 1, 1, 1], [1, 1, 1, 1], [1, 0, 0, 1, 1], [1, 0, 0, 1, 1], [0, 1, 0, 1, 1], [1, 1, 1, 1], [0, 1, 1, 0, 0, 1], [1, 0, 1, 0, 1], [1, 0, 1, 0, 1], [1, 1, 1, 0], [1, 1, 1, 1], [1, 0, 0, 0, 1, 1], [1, 0, 1, 1]]
Round 66: [[0, 1, 1, 0, 1], [1, 0, 1, 1], [0, 1, 1, 0, 0, 0], [1, 0, 1, 1], [1, 1, 1, 0], [1, 1, 0, 1], [1, 0, 0, 1, 1], [1, 1, 1, 1], [1, 0, 1, 0, 1], [1, 1, 0, 0, 1], [1, 0, 1, 0, 0, 1], [1, 1, 1, 1], [1, 1, 1, 1], [1, 1, 1, 1], [1, 1, 0, 1], [1, 1, 0, 1]]
Round 67: [[1, 1, 0, 0, 1], [0, 1, 0, 1, 1], [1, 1, 0, 1], [0, 1, 1, 1], [1, 1, 1, 1], [1, 1, 1, 0], [1, 0, 1, 1], [0, 0, 0, 0, 0, 1], [1, 1, 1, 1], [1, 1, 0, 1], [1, 1, 1, 1], [1, 1, 0, 1], [1, 1, 1, 1], [1, 1, 0, 1], [1, 1, 1, 1], [0, 1, 0, 1, 1]]
Round 68: [[1, 0, 1, 1], [0, 1, 1, 1], [0, 0, 0, 1, 1, 1], [1, 0, 1, 0, 0, 1], [1, 0, 1, 1], [1, 1, 1, 1], [1, 1, 1, 1], [1, 1, 1, 1], [1, 1, 1, 1], [0, 1, 1, 1], [1, 0, 1, 1], [1, 1, 1, 1], [1, 0, 1, 0, 1], [1, 1, 1, 0], [1, 1, 0, 1], [1, 1, 1, 1]]
Round 69: [[1, 1, 1, 0], [1, 1, 1, 1], [1, 1, 1, 0], [1, 1, 0, 0, 1], [1, 0, 1, 0, 1], [0, 1, 0, 1, 1], [1, 1, 1, 1], [1, 0, 1, 1], [0, 1, 1, 1], [0, 1, 1, 0, 1], [1, 1, 1, 1], [1, 1, 1, 0], [0, 1, 0, 1, 1], [0, 1, 0, 1, 1], [0, 1, 1, 1], [0, 1, 1, 1]]
Round 70: [[0, 1, 1, 1], [1, 1, 1, 1], [0, 1, 1, 1], [1, 1, 1, 1], [1, 0, 1, 1], [1, 1, 0, 0, 0, 1], [1, 1, 1, 1], [1, 1, 1, 0], [0, 1, 1, 0, 1], [1, 1, 1, 1], [1, 1, 1, 1], [1, 1, 0, 1], [1, 1, 0, 0, 1], [1, 1, 1, 0], [0, 1, 1, 1], [0, 1, 1, 1]]
Round 71: [[1, 1, 1, 1], [1, 0, 1, 1], [1, 1, 1, 1], [1, 1, 0, 0, 1], [0, 1, 1, 1], [1, 1, 1, 1], [0, 0, 1, 1, 1], [1, 0, 1, 1], [1, 1, 0, 1], [1, 1, 1, 1], [1, 1, 1, 1], [1, 1, 1, 1], [1, 0, 1, 1], [1, 1, 1, 0], [1, 1, 1, 1], [1, 1, 1, 1]]
Round 72: [[1, 1, 1, 0], [0, 1, 1, 1], [1, 0, 1, 1], [0, 1, 1, 1], [1, 1, 1, 1], [0, 1, 1, 1], [1, 1, 1, 0], [1, 1, 1, 1], [1, 0, 1, 1], [1, 1, 1, 1], [0, 1, 1, 1], [1, 1, 1, 1], [1, 1, 0, 1], [1, 1, 0, 0, 1], [1, 1, 1, 1], [0, 1, 1, 0, 1]]
Round 73: [[0, 0, 0, 1, 1, 0], [1, 1, 1, 1], [0, 1, 1, 1], [0, 1, 1, 1], [0, 1, 1, 1], [0, 0, 1, 0, 1, 0], [1, 1, 1, 1], [1, 1, 1, 0], [0, 0, 1, 1, 0, 1], [1, 0, 1, 1], [1, 1, 1, 1], [0, 1, 0, 1, 0, 1], [1, 1, 1, 1], [1, 1, 1, 1], [1, 0, 1, 1], [1, 1, 1, 1]]
Round 74: [[0, 1, 1, 1], [1, 0, 1, 0, 1], [1, 1, 1, 1], [1, 0, 1, 0, 1], [1, 0, 1, 1], [0, 1, 1, 0, 1], [1, 0, 1, 1], [1, 1, 1, 1], [1, 1, 1, 0], [0, 1, 1, 1], [0, 1, 1, 1], [1, 1, 1, 1], [0, 1, 1, 1], [1, 1, 1, 1], [1, 1, 1, 1], [1, 1, 1, 1]]
Round 75: [[1, 1, 1, 0], [1, 1, 1, 1], [1, 1, 1, 1], [1, 0, 1, 1], [1, 0, 1, 1], [1, 1, 1, 1], [1, 0, 0, 1, 1], [1, 0, 1, 1], [1, 1, 1, 0], [1, 1, 1, 1], [1, 1, 1, 1], [1, 1, 1, 1], [1, 1, 1, 0], [0, 1, 1, 1], [1, 1, 1, 1], [1, 1, 1, 1]]
Round 76: [[1, 1, 1, 1], [1, 0, 0, 1, 1], [1, 1, 0, 1], [1, 1, 1, 0], [1, 1, 1, 1], [0, 1, 0, 1, 0, 1], [0, 0, 0, 1, 1, 0], [1, 0, 1, 1], [0, 1, 1, 1], [1, 1, 0, 0, 0, 1], [1, 1, 1, 0], [1, 0, 1, 1], [1, 1, 1, 1], [1, 1, 1, 1], [1, 1, 0, 1], [1, 1, 0, 1]]
Round 77: [[0, 1, 1, 1], [0, 1, 1, 1], [1, 1, 1, 1], [1, 1, 1, 0], [1, 1, 1, 0], [1, 0, 0, 1, 1], [1, 0, 1, 1], [0, 0, 0, 1, 1, 1], [1, 1, 1, 1], [1, 1, 1, 1], [1, 1, 1, 0], [1, 1, 1, 1], [1, 1, 1, 1], [0, 1, 0, 1, 1], [1, 1, 1, 1], [1, 1, 1, 0]]
Round 78: [[0, 0, 0, 0, 0, 1], [1, 1, 1, 1], [1, 1, 1, 0], [1, 1, 1, 0], [0, 0, 1, 0, 1, 1], [1, 1, 1, 1], [0, 1, 1, 1], [1, 1, 0, 1], [1, 1, 1, 1], [1, 1, 1, 0], [1, 1, 1, 1], [1, 1, 1, 0], [1, 1, 1, 1], [1, 0, 1, 1], [1, 1, 1, 1], [1, 1, 1, 0]]
Round 79: [[0, 1, 0, 1, 0, 1], [1, 0, 1, 1], [1, 1, 1, 0], [0, 1, 1, 0, 1], [1, 0, 1, 0, 0, 1], [1, 0, 1, 1], [1, 0, 0, 1, 0, 1], [0, 1, 0, 1, 0, 1], [1, 0, 1, 1], [0, 0, 0, 1, 1, 1], [0, 1, 1, 1], [1, 1, 1, 0], [0, 1, 0, 1, 1], [1, 1, 1, 1], [1, 0, 0, 1, 1], [0, 0, 1, 1, 1]]
Round 80: [[0, 1, 1, 1], [1, 1, 1, 0], [1, 1, 1, 1], [1, 1, 1, 1], [1, 1, 0, 1], [0, 0, 0, 1, 1, 0], [1, 0, 1, 1], [1, 1, 1, 1], [1, 1, 0, 1], [1, 0, 1, 0, 1], [0, 1, 1, 1], [1, 1, 1, 1], [1, 1, 1, 1], [1, 1, 0, 1], [0, 0, 1, 1, 0, 1], [1, 1, 1, 0]]
Round 81: [[1, 1, 1, 1], [0, 1, 1, 1], [1, 1, 1, 0], [1, 1, 0, 1], [1, 1, 1, 0], [1, 1, 1, 1], [0, 1, 1, 1], [1, 1, 0, 1], [1, 1, 0, 1], [1, 1, 1, 1], [1, 1, 1, 1], [1, 1, 1, 0], [1, 1, 1, 1], [0, 1, 1, 0, 1], [0, 1, 0, 1, 1], [0, 1, 0, 0, 1, 1]]
Round 82: [[1, 0, 1, 1], [1, 0, 0, 1, 1], [1, 1, 1, 1], [1, 0, 1, 1], [0, 0, 1, 1, 1], [1, 1, 1, 1], [0, 1, 1, 1], [1, 1, 1, 1], [0, 1, 1, 0, 1], [1, 1, 0, 1], [1, 1, 1, 1], [1, 0, 0, 0, 1, 0], [1, 1, 1, 1], [0, 1, 1, 1], [1, 0, 0, 0, 1, 1], [0, 1, 1, 1]]
Round 83: [[1, 0, 1, 0, 1], [1, 1, 1, 1], [1, 0, 1, 1], [1, 1, 1, 1], [1, 1, 1, 0], [1, 1, 1, 1], [0, 0, 1, 0, 1, 1], [1, 1, 1, 1], [0, 0, 1, 0, 0, 1], [0, 1, 1, 1], [1, 1, 0, 1], [1, 0, 1, 1], [0, 1, 1, 0, 1], [0, 1, 1, 1], [1, 1, 1, 0], [1, 1, 1, 1]]
Round 84: [[1, 1, 1, 1], [1, 0, 1, 1], [1, 1, 0, 1], [0, 0, 0, 1, 1, 1], [1, 1, 1, 1], [1, 1, 1, 0], [1, 1, 1, 1], [1, 1, 1, 1], [1, 1, 1, 1], [1, 1, 1, 1], [0, 1, 0, 1, 1], [0, 1, 1, 1], [0, 1, 1, 1], [1, 1, 1, 1], [1, 1, 1, 0], [0, 0, 1, 1, 1]]
Round 85: [[1, 0, 1, 0, 1], [1, 1, 1, 0], [0, 1, 1, 1], [1, 1, 1, 0], [1, 1, 1, 0], [1, 1, 1, 1], [0, 1, 1, 1], [1, 1, 0, 1], [1, 1, 0, 1], [1, 1, 1, 1], [0, 1, 1, 1], [1, 1, 1, 1], [1, 1, 1, 1], [1, 1, 1, 1], [1, 1, 1, 0], [1, 1, 1, 1]]
Round 86: [[0, 1, 0, 1, 0, 1], [1, 1, 0, 1], [0, 1, 1, 1], [1, 1, 0, 1], [1, 1, 1, 1], [1, 1, 1, 1], [1, 1, 1, 1], [1, 1, 1, 1], [1, 1, 1, 0], [0, 1, 0, 0, 1, 1], [0, 1, 1, 1], [1, 0, 1, 1], [1, 1, 1, 1], [1, 1, 1, 1], [1, 1, 1, 1], [1, 1, 1, 0]]
Round 87: [[1, 1, 1, 1], [1, 1, 0, 1], [1, 0, 0, 0, 1, 0], [1, 1, 1, 0], [1, 1, 1, 1], [1, 1, 1, 1], [0, 0, 1, 1, 1], [1, 1, 1, 0], [0, 1, 1, 1], [1, 1, 0, 1], [1, 1, 1, 1], [1, 1, 1, 1], [1, 1, 1, 0], [1, 1, 1, 0], [1, 1, 1, 1], [1, 1, 1, 1]]
Round 88: [[1, 1, 1, 1], [0, 0, 1, 1, 1], [0, 1, 1, 1], [0, 1, 1, 1], [1, 1, 1, 1], [1, 1, 0, 0, 1], [0, 0, 1, 0, 0, 1], [1, 1, 1, 0], [1, 1, 1, 0], [1, 1, 1, 1], [1, 1, 1, 0], [1, 1, 0, 1], [1, 1, 1, 1], [1, 0, 0, 0, 0, 0], [1, 0, 0, 1, 1], [0, 1, 0, 1, 0, 1]]
Round 89: [[1, 0, 1, 1], [1, 0, 1, 0, 1], [1, 1, 1, 1], [1, 1, 1, 1], [0, 0, 1, 1, 1], [1, 1, 1, 0], [0, 1, 0, 1, 1], [1, 1, 1, 1], [0, 1, 1, 0, 1], [1, 1, 1, 1], [1, 1, 0, 1], [1, 1, 1, 1], [1, 0, 1, 1], [1, 0, 1, 1], [1, 1, 0, 1], [0, 0, 1, 0, 1, 1]]
Round 90: [[1, 1, 1, 1], [1, 1, 1, 1], [1, 0, 1, 1], [0, 1, 1, 1], [1, 1, 1, 1], [0, 1, 0, 0, 1, 1], [1, 1, 1, 1], [1, 1, 1, 1], [0, 1, 1, 0, 1], [1, 1, 1, 1], [1, 1, 1, 0], [0, 1, 1, 1], [1, 0, 1, 1], [1, 1, 1, 1], [1, 1, 1, 1], [1, 1, 1, 1]]
Round 91: [[1, 1, 1, 1], [1, 1, 1, 0], [1, 1, 1, 1], [0, 1, 1, 1], [0, 1, 1, 0, 1], [1, 1, 1, 1], [1, 0, 1, 0, 1], [0, 0, 1, 1, 1], [1, 1, 0, 1], [1, 1, 0, 1], [1, 1, 0, 1], [0, 0, 1, 0, 1, 1], [1, 0, 1, 0, 0, 1], [1, 0, 1, 1], [1, 0, 0, 1, 1], [1, 1, 0, 1]]
Round 92: [[0, 0, 1, 1, 0, 1], [1, 0, 1, 1], [1, 0, 1, 1], [1, 1, 1, 0], [1, 1, 1, 1], [1, 1, 1, 1], [0, 1, 1, 1], [1, 0, 0, 1, 1], [1, 1, 1, 1], [0, 0, 0, 0, 1, 0], [1, 0, 1, 1], [1, 1, 1, 0], [1, 1, 0, 1], [1, 1, 1, 1], [1, 0, 1, 1], [1, 1, 1, 1]]
Round 93: [[1, 1, 1, 0], [1, 1, 0, 0, 1], [1, 1, 1, 1], [1, 0, 0, 1, 1], [1, 1, 1, 1], [1, 1, 0, 0, 1], [0, 1, 1, 1], [1, 1, 1, 1], [1, 1, 1, 0], [1, 0, 1, 1], [1, 0, 1, 1], [1, 1, 1, 0], [1, 0, 0, 1, 1], [1, 1, 1, 1], [0, 0, 0, 1, 1, 1], [1, 1, 1, 0]]
Round 94: [[1, 0, 1, 1], [1, 0, 0, 1, 0, 1], [1, 1, 0, 1], [1, 1, 1, 1], [1, 1, 1, 1], [1, 1, 1, 1], [0, 1, 1, 1], [1, 0, 1, 1], [1, 1, 0, 1], [1, 1, 1, 1], [1, 1, 1, 0], [1, 1, 0, 0, 1], [1, 1, 1, 0], [1, 1, 0, 1], [1, 1, 0, 1], [1, 0, 1, 0, 0, 1]]
Round 95: [[1, 1, 0, 1], [1, 0, 0, 1, 0, 1], [1, 1, 1, 1], [0, 0, 0, 1, 0, 0], [1, 0, 1, 1], [0, 0, 1, 1, 1], [1, 1, 0, 0, 1], [1, 0, 1, 1], [1, 1, 1, 1], [1, 1, 1, 0], [1, 1, 1, 1], [0, 0, 1, 1, 1], [1, 0, 1, 0, 0, 1], [1, 0, 1, 1], [1, 1, 1, 1], [1, 0, 1, 0, 1]]
Round 96: [[1, 1, 0, 0, 1], [1, 1, 1, 1], [1, 1, 1, 1], [1, 1, 1, 1], [0, 1, 1, 1], [1, 1, 1, 1], [1, 1, 1, 0], [1, 0, 1, 0, 1], [1, 0, 1, 0, 1], [1, 1, 1, 1], [1, 0, 1, 1], [0, 1, 1, 1], [0, 1, 1, 1], [0, 0, 0, 1, 1, 1], [1, 1, 1, 1], [0, 0, 1, 0, 1, 1]]
Round 97: [[1, 0, 1, 0, 1], [1, 0, 0, 1, 0, 1], [0, 0, 1, 1, 1], [1, 1, 1, 1], [1, 0, 0, 1, 0, 1], [1, 1, 1, 1], [1, 1, 1, 1], [1, 1, 1, 0], [1, 0, 1, 1], [1, 1, 1, 1], [1, 1, 1, 1], [1, 1, 1, 0], [1, 1, 0, 0, 1], [0, 1, 1, 0, 1], [1, 0, 0, 1, 1], [0, 1, 1, 1]]
Round 98: [[1, 1, 1, 1], [1, 1, 1, 1], [1, 1, 1, 1], [1, 0, 1, 1], [1, 0, 1, 1], [1, 1, 0, 1], [1, 1, 0, 1], [1, 1, 0, 1], [0, 0, 0, 1, 0, 1], [0, 0, 1, 0, 1, 0], [1, 1, 1, 1], [1, 1, 1, 1], [1, 1, 0, 1], [1, 1, 1, 1], [0, 0, 1, 1, 1], [1, 1, 1, 1]]
Round 99: [[1, 1, 1, 0], [1, 0, 1, 1], [1, 0, 0, 1, 1], [0, 1, 0, 1, 1], [1, 1, 1, 0], [1, 1, 1, 1], [1, 1, 0, 1], [1, 1, 0, 1], [1, 1, 0, 0, 0, 1], [1, 1, 1, 1], [1, 1, 0, 1], [1, 1, 1, 0], [1, 1, 1, 1], [1, 0, 1, 1], [1, 0, 1, 1], [1, 1, 1, 1]]
