Round 0: [[0, 1, 0, 1, 0, 0], [0, 1, 1, 0, 0, 0], [0, 1, 1, 1], [0, 1, 0, 1, 1], [0, 0, 0, 0, 0, 1], [1, 0, 0, 0, 0, 0], [0, 0, 1, 0, 1, 1], [1, 1, 0, 0, 1], [1, 0, 0, 1, 0, 0], [1, 1, 0, 0, 0, 1], [1, 0, 1, 0, 0, 1], [0, 1, 1, 0, 1], [1, 1, 1, 0], [0, 0, 1, 0, 1, 1], [0, 0, 1, 0, 0, 1], [0, 0, 0, 0, 1, 1]]
Round 1: [[1, 0, 0, 1, 1], [0, 1, 1, 1], [0, 1, 1, 0, 0, 0], [1, 1, 0, 0, 1], [0, 1, 0, 1, 0, 1], [0, 1, 1, 0, 1], [1, 1, 1, 0], [1, 1, 0, 1], [0, 0, 1, 1, 0, 1], [1, 0, 1, 1], [1, 0, 1, 1], [1, 1, 0, 0, 1], [1, 0, 0, 1, 1], [1, 0, 0, 1, 1], [1, 1, 0, 1], [1, 1, 0, 0, 0, 0]]
Round 2: [[1, 1, 1, 1], [0, 1, 0, 1, 0, 0], [0, 1, 1, 0, 1], [0, 0, 1, 1, 1], [0, 1, 1, 1], [0, 0, 0, 0, 1, 1], [0, 0, 1, 0, 1, 0], [0, 0, 0, 0, 0, 1], [1, 1, 1, 0], [0, 1, 0, 0, 0, 1], [0, 1, 1, 0, 1], [0, 1, 0, 1, 1], [0, 1, 1, 1], [0, 1, 1, 0, 0, 0], [1, 0, 0, 0, 0, 0], [1, 0, 1, 1]]
Round 3: [[0, 0, 0, 1, 0, 0], [1, 0, 0, 0, 1, 1], [0, 1, 0, 0, 0, 1], [0, 1, 0, 1, 1], [0, 1, 1, 1], [1, 0, 1, 1], [0, 0, 0, 0, 1, 1], [0, 1, 1, 1], [0, 0, 1, 1, 1], [0, 0, 1, 0, 1, 1], [0, 0, 0, 1, 1, 0], [1, 1, 1, 0], [0, 0, 1, 0, 0, 1], [0, 0, 1, 0, 0, 0], [1, 1, 1, 1], [1, 0, 1, 0, 0, 0]]
Round 4: [[1, 1, 0, 0, 1], [0, 0, 1, 1, 0, 0], [0, 0, 0, 1, 0, 1], [1, 1, 1, 1], [0, 1, 0, 0, 0, 0], [1, 0, 1, 0, 0, 0], [0, 1, 0, 0, 1, 1], [1, 0, 0, 1, 1], [0, 0, 0, 0, 0, 1], [1, 1, 0, 1], [1, 1, 0, 0, 1], [0, 0, 1, 1, 0, 0], [0, 0, 0, 1, 1, 0], [0, 0, 1, 1, 0, 1], [1, 1, 0, 0, 0, 0], [1, 0, 0, 0, 1, 0]]
Round 5: [[1, 0, 0, 0, 1, 1], [1, 0, 0, 0, 0, 1], [1, 0, 0, 0, 0, 0], [1, 1, 0, 1], [0, 0, 1, 1, 0, 0], [1, 0, 0, 0, 0, 0], [1, 1, 0, 0, 0, 0], [0, 1, 0, 1, 0, 1], [1, 1, 1, 0], [1, 1, 0, 0, 0, 1], [0, 1, 1, 1], [0, 0, 0, 0, 1, 0], [1, 0, 1, 0, 0, 1], [1, 1, 0, 0, 1], [0, 0, 0, 1, 1, 0], [1, 1, 0, 1]]
Round 6: [[1, 0, 1, 0, 1], [0, 0, 1, 1, 1], [1, 1, 1, 0], [1, 0, 1, 0, 0, 1], [1, 0, 0, 0, 1, 0], [1, 0, 0, 1, 1], [0, 1, 1, 0, 0, 0], [1, 1, 0, 1], [1, 0, 1, 1], [0, 0, 1, 1, 1], [0, 1, 0, 0, 0, 1], [1, 0, 1, 1], [0, 1, 0, 1, 1], [0, 1, 0, 1, 1], [1, 0, 1, 1], [0, 0, 0, 0, 1, 0]]
Round 7: [[1, 0, 1, 1], [1, 0, 0, 1, 0, 0], [1, 0, 1, 1], [1, 0, 1, 0, 1], [0, 0, 0, 1, 0, 1], [0, 0, 1, 0, 1, 0], [1, 0, 1, 0, 0, 1], [0, 0, 1, 1, 0, 0], [0, 1, 0, 0, 1, 1], [0, 1, 0, 0, 0, 0], [1, 0, 0, 1, 0, 0], [1, 1, 0, 0, 0, 0], [0, 0, 0, 0, 0, 1], [1, 0, 0, 1, 1], [1, 0, 0, 1, 1], [1, 0, 0, 1, 1]]
Round 8: [[1, 1, 1, 0], [1, 1, 1, 0], [1, 1, 1, 1], [0, 0, 0, 1, 0, 0], [1, 0, 1, 0, 0, 1], [1, 1, 1, 0], [1, 1, 0, 0, 0, 1], [1, 0, 1, 0, 0, 0], [0, 1, 0, 1, 1], [1, 0, 0, 0, 0, 1], [1, 1, 1, 1], [0, 0, 0, 1, 1, 1], [0, 1, 1, 0, 0, 0], [1, 0, 0, 0, 0, 0], [0, 1, 0, 0, 0, 0], [0, 1, 0, 0, 0, 0]]
Round 9: [[0, 1, 1, 0, 1], [1, 0, 1, 0, 1], [1, 0, 1, 1], [1, 0, 1, 0, 1], [0, 0, 1, 0, 0, 1], [0, 0, 0, 0, 0, 1], [1, 1, 1, 1], [1, 0, 0, 1, 1], [1, 0, 0, 0, 1, 0], [0, 1, 1, 0, 0, 1], [1, 0, 0, 1, 0, 1], [0, 0, 0, 0, 0, 1], [0, 0, 1, 1, 0, 0], [0, 1, 0, 0, 0, 0], [0, 0, 0, 0, 1, 0], [1, 1, 0, 1]]
Round 10: [[1, 0, 0, 0, 0, 0], [1, 0, 1, 1], [0, 0, 0, 1, 1, 1], [1, 0, 1, 0, 0, 1], [0, 1, 1, 1], [1, 0, 0, 1, 1], [0, 1, 1, 0, 1], [1, 0, 1, 1], [1, 1, 0, 1], [0, 1, 1, 1], [0, 1, 0, 1, 0, 1], [0, 0, 0, 0, 1, 0], [1, 1, 0, 1], [1, 1, 1, 1], [0, 0, 0, 0, 1, 1], [1, 0, 0, 0, 1, 0]]
Round 11: [[1, 1, 1, 1], [1, 1, 0, 0, 0, 0], [1, 0, 0, 1, 0, 1], [0, 0, 0, 1, 1, 0], [1, 0, 1, 0, 1], [0, 0, 0, 0, 0, 1], [1, 0, 1, 1], [0, 1, 1, 1], [0, 0, 0, 1, 1, 1], [1, 0, 0, 0, 1, 0], [0, 0, 0, 0, 1, 0], [1, 1, 0, 1], [1, 1, 1, 1], [0, 1, 0, 0, 1, 0], [1, 0, 1, 0, 0, 0], [0, 1, 0, 0, 1, 1]]
Round 12: [[0, 0, 1, 0, 1, 1], [1, 1, 1, 0], [1, 1, 0, 1], [1, 0, 0, 1, 1], [0, 0, 0, 0, 0, 0], [1, 0, 1, 0, 1], [0, 0, 1, 0, 0, 0], [0, 1, 0, 0, 0, 0], [0, 1, 0, 1, 1], [0, 1, 0, 0, 1, 0], [1, 0, 0, 0, 1, 1], [0, 1, 0, 1, 1], [1, 0, 1, 1], [0, 1, 1, 1], [0, 1, 1, 0, 1], [1, 1, 1, 1]]
Round 13: [[0, 0, 1, 1, 1], [0, 1, 0, 1, 0, 0], [1, 1, 1, 1], [0, 1, 0, 0, 1, 1], [1, 0, 0, 1, 0, 0], [0, 1, 0, 0, 1, 1], [1, 1, 0, 0, 1], [0, 0, 0, 1, 0, 0], [1, 1, 1, 1], [0, 0, 0, 1, 0, 1], [1, 0, 1, 1], [0, 0, 1, 0, 1, 1], [1, 1, 0, 1], [1, 0, 1, 0, 0, 1], [1, 1, 1, 0], [0, 0, 1, 0, 0, 0]]
Round 14: [[1, 1, 0, 0, 0, 0], [1, 1, 0, 1], [0, 1, 1, 1], [1, 1, 0, 1], [1, 1, 1, 0], [0, 1, 1, 1], [0, 0, 1, 0, 1, 1], [0, 1, 0, 0, 1, 0], [1, 0, 1, 1], [1, 0, 1, 0, 1], [0, 0, 1, 1, 1], [1, 1, 0, 1], [1, 0, 0, 1, 0, 1], [0, 0, 0, 0, 1, 0], [0, 1, 0, 0, 1, 0], [0, 0, 1, 0, 0, 0]]
Round 15: [[0, 0, 1, 0, 0, 1], [0, 0, 0, 1, 1, 1], [0, 0, 0, 0, 1, 0], [0, 0, 0, 0, 0, 0], [0, 0, 0, 0, 0, 0], [0, 0, 0, 1, 0, 1], [0, 1, 0, 0, 1, 0], [0, 1, 0, 0, 1, 0], [1, 1, 1, 0], [1, 1, 0, 1], [0, 0, 0, 1, 0, 0], [1, 0, 0, 1, 1], [1, 0, 0, 0, 1, 1], [1, 0, 1, 1], [1, 0, 1, 1], [0, 0, 1, 0, 1, 1]]
Round 16: [[0, 1, 0, 1, 1], [1, 1, 1, 1], [1, 0, 0, 1, 1], [0, 1, 1, 0, 0, 0], [1, 0, 1, 1], [0, 1, 0, 0, 1, 0], [1, 0, 0, 0, 0, 1], [1, 0, 0, 0, 1, 0], [1, 1, 1, 1], [0, 1, 0, 1, 1], [1, 0, 1, 0, 1], [0, 0, 1, 1, 1], [1, 1, 0, 1], [0, 0, 1, 0, 1, 1], [1, 1, 1, 0], [1, 0, 0, 1, 0, 0]]
Round 17: [[0, 0, 1, 1, 1], [0, 1, 1, 0, 1], [1, 1, 0, 1], [0, 0, 1, 1, 1], [0, 0, 1, 0, 0, 1], [0, 1, 0, 0, 0, 0], [0, 0, 0, 1, 1, 1], [1, 0, 0, 1, 1], [0, 0, 0, 1, 0, 0], [1, 1, 0, 0, 0, 0], [1, 1, 1, 0], [0, 0, 1, 0, 1, 0], [0, 1, 1, 0, 1], [0, 1, 1, 1], [0, 1, 1, 1], [0, 1, 0, 0, 1, 1]]
Round 18: [[1, 1, 1, 1], [0, 1, 1, 0, 0, 0], [0, 0, 1, 1, 1], [0, 0, 0, 1, 1, 1], [0, 0, 1, 1, 1], [1, 1, 1, 1], [0, 1, 0, 0, 1, 1], [0, 0, 1, 0, 0, 0], [0, 1, 0, 0, 1, 0], [1, 0, 1, 1], [1, 1, 0, 1], [1, 1, 0, 0, 1], [1, 0, 1, 0, 0, 0], [0, 1, 0, 1, 0, 1], [0, 0, 0, 1, 1, 1], [1, 1, 1, 1]]
Round 19: [[1, 1, 1, 0], [1, 0, 0, 0, 1, 0], [1, 1, 1, 1], [1, 1, 1, 1], [0, 1, 0, 1, 0, 1], [0, 1, 0, 0, 0, 0], [1, 0, 1, 1], [0, 1, 0, 1, 0, 1], [0, 1, 1, 0, 0, 0], [1, 0, 1, 1], [0, 1, 1, 0, 1], [0, 0, 1, 1, 1], [0, 1, 1, 1], [0, 0, 1, 0, 0, 0], [0, 0, 1, 1, 1], [1, 1, 0, 0, 0, 1]]
Round 20: [[1, 0, 0, 0, 1, 0], [1, 0, 1, 1], [0, 1, 1, 0, 0, 0], [0, 1, 1, 0, 1], [0, 0, 0, 0, 0, 1], [1, 1, 0, 0, 0, 1], [1, 1, 1, 0], [0, 1, 0, 0, 0, 0], [1, 1, 1, 0], [1, 1, 0, 0, 0, 0], [1, 1, 1, 1], [1, 0, 0, 0, 0, 1], [1, 0, 1, 1], [1, 0, 0, 1, 1], [1, 1, 0, 0, 1], [0, 0, 1, 0, 1, 1]]
Round 21: [[0, 0, 0, 1, 1, 1], [0, 1, 1, 0, 0, 0], [0, 0, 0, 1, 1, 0], [0, 1, 1, 1], [1, 0, 0, 0, 1, 0], [1, 0, 1, 1], [1, 0, 1, 1], [0, 0, 1, 0, 0, 0], [1, 0, 0, 1, 1], [1, 1, 1, 1], [1, 0, 1, 1], [0, 1, 1, 0, 0, 1], [0, 0, 1, 1, 0, 1], [0, 1, 1, 1], [0, 0, 1, 0, 0, 0], [1, 1, 0, 1]]
Round 22: [[1, 0, 0, 0, 1, 1], [1, 0, 1, 1], [0, 1, 1, 0, 0, 1], [1, 1, 0, 1], [0, 0, 1, 1, 0, 1], [0, 0, 0, 1, 0, 1], [0, 0, 1, 0, 1, 0], [1, 1, 1, 0], [1, 1, 0, 0, 1], [0, 0, 1, 0, 1, 1], [1, 1, 1, 0], [1, 1, 1, 1], [0, 0, 0, 1, 0, 1], [1, 1, 0, 1], [0, 0, 0, 0, 0, 0], [1, 1, 1, 0]]
Round 23: [[1, 0, 1, 0, 1], [0, 0, 1, 0, 0, 1], [1, 0, 1, 1], [0, 1, 0, 1, 0, 1], [0, 0, 1, 1, 0, 0], [1, 1, 0, 1], [0, 1, 1, 0, 1], [1, 0, 1, 1], [1, 0, 0, 1, 0, 1], [0, 0, 1, 0, 0, 1], [0, 1, 0, 0, 0, 1], [0, 1, 0, 1, 1], [0, 0, 0, 0, 1, 0], [1, 1, 1, 0], [0, 1, 1, 0, 0, 0], [0, 1, 0, 1, 0, 0]]
Round 24: [[1, 1, 0, 0, 1], [0, 0, 1, 0, 0, 1], [1, 0, 0, 0, 1, 1], [0, 1, 0, 0, 0, 0], [1, 0, 1, 0, 1], [0, 0, 1, 0, 0, 1], [0, 1, 1, 0, 0, 1], [0, 0, 0, 1, 1, 0], [0, 0, 1, 1, 1], [0, 1, 0, 1, 0, 1], [1, 1, 1, 0], [0, 1, 1, 0, 1], [1, 0, 1, 0, 0, 0], [0, 0, 1, 0, 1, 1], [1, 1, 0, 1], [1, 0, 1, 1]]
Round 25: [[1, 1, 1, 1], [1, 1, 0, 1], [0, 0, 0, 1, 1, 0], [1, 0, 0, 1, 0, 1], [1, 0, 0, 1, 1], [0, 1, 1, 0, 0, 0], [1, 1, 1, 1], [1, 1, 0, 1], [0, 0, 0, 1, 1, 1], [1, 0, 0, 1, 0, 0], [1, 0, 0, 1, 1], [1, 0, 0, 1, 0, 1], [0, 1, 0, 0, 0, 0], [0, 1, 0, 1, 1], [0, 1, 1, 1], [0, 1, 1, 0, 0, 0]]
Round 26: [[0, 1, 0, 0, 1, 0], [0, 0, 0, 0, 1, 1], [0, 0, 0, 0, 0, 0], [1, 0, 0, 1, 0, 0], [1, 0, 1, 0, 1], [0, 0, 1, 0, 1, 0], [1, 0, 1, 1], [0, 0, 1, 0, 0, 0], [1, 0, 1, 0, 1], [0, 1, 0, 1, 0, 0], [1, 0, 0, 1, 0, 1], [0, 0, 1, 1, 0, 0], [1, 1, 0, 0, 1], [0, 0, 1, 0, 0, 0], [1, 1, 0, 0, 0, 0], [1, 1, 1, 0]]
Round 27: [[0, 0, 0, 1, 0, 0], [0, 0, 0, 0, 1, 0], [1, 0, 1, 0, 0, 1], [0, 1, 0, 0, 1, 0], [0, 1, 0, 0, 1, 1], [1, 0, 0, 1, 0, 0], [1, 1, 0, 1], [1, 1, 0, 0, 1], [1, 0, 0, 0, 1, 0], [1, 1, 0, 1], [1, 0, 1, 0, 0, 1], [1, 1, 1, 0], [1, 0, 1, 1], [0, 0, 0, 1, 1, 1], [0, 1, 1, 1], [1, 0, 1, 0, 0, 1]]
Round 28: [[0, 0, 0, 0, 1, 1], [1, 0, 0, 1, 0, 1], [0, 0, 0, 0, 0, 1], [1, 1, 0, 0, 0, 1], [0, 0, 0, 0, 1, 0], [1, 1, 0, 0, 1], [1, 0, 0, 0, 1, 1], [0, 0, 1, 0, 0, 1], [1, 1, 0, 1], [0, 1, 0, 0, 0, 1], [0, 1, 1, 1], [1, 1, 1, 0], [1, 1, 0, 0, 0, 0], [0, 1, 0, 0, 0, 0], [1, 0, 0, 1, 0, 0], [0, 1, 0, 0, 1, 0]]
Round 29: [[0, 1, 0, 1, 1], [0, 1, 1, 1], [0, 0, 0, 1, 1, 1], [0, 1, 0, 1, 0, 0], [0, 0, 1, 1, 0, 1], [0, 1, 0, 0, 0, 1], [1, 1, 0, 1], [1, 0, 0, 0, 1, 0], [0, 1, 0, 0, 0, 0], [0, 0, 0, 0, 0, 1], [1, 0, 1, 1], [1, 0, 0, 1, 0, 1], [1, 0, 0, 1, 0, 0], [1, 1, 0, 1], [0, 1, 1, 1], [1, 0, 1, 1]]
Round 30: [[1, 1, 1, 0], [1, 0, 1, 0, 1], [0, 0, 0, 1, 0, 1], [0, 0, 0, 1, 1, 0], [0, 0, 1, 1, 0, 0], [0, 0, 0, 1, 1, 0], [1, 0, 1, 0, 1], [0, 1, 0, 0, 0, 0], [0, 0, 1, 1, 0, 0], [1, 1, 1, 0], [1, 0, 0, 1, 0, 1], [0, 1, 1, 1], [1, 1, 1, 1], [0, 1, 0, 1, 1], [0, 1, 1, 0, 1], [1, 0, 1, 0, 1]]
Round 31: [[1, 1, 0, 0, 0, 1], [0, 1, 0, 0, 0, 0], [1, 0, 1, 1], [1, 1, 1, 1], [0, 1, 0, 1, 1], [0, 0, 1, 0, 1, 0], [0, 0, 0, 1, 1, 1], [0, 1, 0, 0, 1, 0], [1, 0, 1, 0, 0, 0], [1, 1, 1, 0], [0, 1, 0, 1, 0, 1], [1, 0, 0, 1, 0, 1], [0, 0, 1, 1, 1], [1, 1, 1, 0], [1, 0, 0, 0, 0, 1], [0, 0, 0, 1, 0, 1]]
Round 32: [[0, 0, 1, 1, 0, 0], [0, 0, 1, 0, 1, 1], [1, 0, 1, 0, 1], [0, 1, 1, 1], [1, 1, 1, 1], [1, 0, 1, 0, 1], [0, 1, 1, 1], [0, 0, 0, 1, 1, 0], [1, 0, 0, 1, 0, 1], [1, 1, 1, 1], [1, 1, 0, 0, 1], [1, 0, 0, 1, 0, 1], [1, 0, 1, 1], [0, 1, 0, 0, 1, 0], [1, 1, 0, 1], [0, 1, 0, 1, 0, 0]]
Round 33: [[0, 0, 0, 1, 0, 1], [0, 0, 0, 0, 1, 0], [0, 1, 0, 1, 1], [0, 1, 0, 0, 1, 1], [1, 0, 1, 0, 1], [0, 0, 0, 1, 1, 1], [0, 1, 0, 1, 1], [1, 0, 1, 0, 0, 0], [0, 0, 1, 0, 0, 0], [0, 0, 1, 0, 0, 0], [0, 1, 0, 1, 0, 1], [1, 0, 0, 1, 1], [1, 0, 1, 0, 1], [1, 1, 1, 0], [1, 0, 0, 0, 1, 1], [0, 0, 1, 0, 0, 0]]
Round 34: [[0, 1, 0, 1, 1], [0, 1, 0, 0, 1, 1], [1, 1, 0, 0, 0, 1], [0, 1, 0, 0, 1, 1], [1, 1, 1, 0], [0, 0, 0, 0, 0, 1], [0, 1, 0, 1, 1], [1, 0, 1, 0, 1], [1, 0, 1, 1], [0, 0, 0, 1, 0, 0], [0, 1, 0, 1, 1], [0, 0, 0, 1, 1, 1], [1, 0, 0, 1, 0, 1], [0, 1, 1, 1], [1, 1, 0, 1], [0, 1, 1, 0, 1]]
Round 35: [[1, 1, 0, 1], [0, 0, 0, 0, 1, 1], [0, 1, 1, 1], [0, 0, 0, 0, 0, 0], [0, 0, 1, 0, 0, 0], [0, 1, 0, 1, 1], [0, 1, 1, 1], [1, 0, 1, 1], [1, 1, 1, 1], [0, 0, 1, 1, 0, 0], [0, 0, 1, 0, 0, 1], [0, 1, 1, 0, 0, 1], [0, 1, 0, 1, 1], [1, 1, 0, 1], [1, 0, 1, 1], [1, 0, 0, 1, 0, 1]]
Round 36: [[1, 0, 0, 1, 1], [0, 1, 1, 0, 0, 1], [1, 0, 1, 0, 0, 0], [1, 0, 1, 1], [1, 1, 0, 1], [0, 1, 1, 0, 1], [1, 0, 0, 0, 0, 1], [0, 1, 1, 1], [1, 0, 1, 1], [1, 1, 0, 0, 0, 1], [1, 0, 0, 0, 1, 1], [0, 1, 1, 1], [1, 1, 1, 1], [1, 0, 1, 0, 0, 0], [1, 1, 0, 1], [1, 1, 1, 1]]
Round 37: [[0, 0, 0, 0, 1, 1], [0, 1, 0, 0, 1, 1], [0, 1, 0, 0, 0, 1], [1, 1, 1, 1], [1, 0, 1, 1], [1, 0, 1, 0, 0, 1], [0, 1, 0, 1, 0, 0], [0, 1, 0, 0, 0, 1], [1, 1, 0, 1], [0, 1, 1, 1], [1, 1, 0, 1], [0, 0, 1, 1, 0, 0], [0, 0, 0, 1, 0, 1], [1, 1, 1, 1], [1, 0, 0, 0, 0, 1], [1, 0, 0, 0, 0, 1]]
Round 38: [[0, 0, 1, 1, 0, 0], [0, 1, 0, 1, 1], [0, 0, 0, 1, 1, 0], [0, 0, 0, 0, 0, 1], [0, 1, 1, 0, 0, 0], [0, 1, 1, 0, 0, 0], [1, 0, 1, 1], [1, 0, 1, 0, 0, 0], [1, 0, 1, 1], [1, 1, 0, 1], [1, 0, 1, 0, 1], [1, 0, 1, 0, 1], [1, 1, 0, 0, 1], [1, 0, 0, 0, 1, 0], [0, 1, 0, 1, 0, 0], [1, 0, 0, 0, 1, 0]]
Round 39: [[1, 1, 0, 0, 0, 0], [0, 1, 1, 1], [1, 1, 0, 0, 0, 1], [1, 1, 0, 1], [1, 1, 0, 1], [1, 0, 1, 0, 1], [1, 0, 1, 1], [1, 1, 1, 1], [0, 0, 0, 1, 0, 1], [1, 1, 0, 0, 0, 1], [1, 0, 0, 0, 1, 0], [1, 0, 1, 1], [1, 1, 1, 1], [1, 1, 1, 1], [1, 1, 0, 0, 0, 1], [1, 1, 0, 1]]
Round 40: [[0, 1, 1, 1], [0, 0, 0, 1, 1, 0], [0, 0, 1, 1, 1], [1, 0, 1, 0, 0, 1], [1, 1, 1, 0], [0, 1, 1, 0, 1], [0, 1, 0, 0, 0, 1], [1, 1, 1, 1], [1, 0, 1, 0, 0, 1], [1, 1, 1, 1], [1, 0, 1, 1], [1, 0, 0, 0, 0, 1], [0, 1, 1, 0, 0, 1], [1, 1, 0, 0, 0, 0], [0, 0, 0, 1, 0, 1], [1, 0, 1, 0, 1]]
Round 41: [[0, 1, 0, 1, 1], [1, 0, 1, 1], [1, 1, 1, 1], [1, 0, 1, 0, 1], [1, 1, 0, 1], [1, 1, 0, 1], [0, 0, 1, 0, 0, 1], [1, 0, 1, 1], [0, 1, 1, 1], [1, 0, 0, 0, 1, 0], [0, 0, 1, 1, 1], [1, 0, 0, 1, 1], [0, 1, 0, 1, 0, 1], [0, 1, 0, 0, 0, 1], [0, 0, 1, 0, 0, 1], [0, 1, 0, 1, 1]]
Round 42: [[0, 0, 1, 0, 0, 1], [0, 0, 1, 1, 1], [1, 1, 1, 1], [0, 1, 1, 0, 1], [1, 0, 1, 0, 0, 1], [0, 0, 0, 1, 1, 1], [1, 0, 1, 1], [1, 0, 1, 0, 1], [0, 1, 0, 0, 0, 1], [0, 0, 0, 1, 0, 0], [1, 1, 0, 0, 0, 1], [0, 0, 1, 1, 1], [1, 0, 1, 0, 0, 1], [1, 1, 1, 0], [0, 0, 0, 1, 0, 1], [1, 0, 1, 0, 0, 0]]
Round 43: [[1, 1, 0, 0, 1], [1, 1, 1, 0], [0, 1, 0, 1, 1], [0, 0, 0, 1, 0, 1], [1, 1, 0, 1], [0, 1, 1, 1], [0, 1, 1, 1], [0, 0, 0, 0, 0, 0], [1, 1, 0, 1], [1, 1, 1, 0], [0, 0, 1, 1, 1], [0, 0, 0, 0, 0, 1], [0, 0, 0, 0, 1, 0], [0, 1, 1, 1], [0, 0, 1, 0, 1, 0], [0, 0, 1, 1, 0, 1]]
Round 44: [[0, 1, 0, 0, 0, 0], [0, 1, 1, 1], [1, 0, 1, 1], [0, 1, 1, 1], [0, 0, 1, 0, 1, 1], [1, 0, 1, 0, 1], [0, 1, 1, 1], [0, 1, 1, 1], [1, 1, 0, 1], [1, 1, 1, 1], [1, 0, 1, 1], [1, 1, 0, 0, 1], [0, 1, 0, 0, 0, 1], [1, 0, 1, 0, 0, 1], [0, 1, 0, 1, 1], [0, 0, 0, 0, 0, 1]]
Round 45: [[1, 1, 0, 0, 1], [1, 1, 1, 1], [1, 1, 0, 0, 1], [0, 1, 0, 0, 0, 1], [0, 1, 0, 1, 0, 0], [1, 1, 0, 1], [1, 0, 1, 0, 1], [0, 1, 0, 1, 0, 0], [1, 1, 0, 1], [0, 1, 0, 1, 1], [1, 1, 0, 0, 1], [1, 0, 1, 1], [1, 1, 1, 1], [0, 0, 0, 1, 0, 1], [0, 1, 0, 1, 1], [0, 0, 0, 1, 1, 1]]
Round 46: [[1, 1, 1, 0], [1, 0, 1, 0, 1], [0, 0, 1, 1, 0, 1], [0, 0, 1, 0, 1, 1], [1, 0, 0, 1, 1], [1, 0, 0, 1, 1], [1, 0, 0, 0, 1, 0], [0, 0, 1, 0, 0, 1], [0, 0, 1, 0, 1, 0], [1, 0, 1, 0, 1], [0, 0, 0, 0, 1, 1], [1, 1, 0, 1], [1, 0, 0, 0, 0, 1], [0, 1, 0, 1, 0, 1], [1, 0, 1, 1], [1, 1, 0, 0, 0, 1]]
Round 47: [[0, 0, 0, 0, 1, 1], [1, 0, 0, 1, 0, 1], [1, 0, 1, 1], [1, 0, 0, 0, 1, 1], [0, 0, 0, 1, 0, 1], [0, 0, 0, 1, 0, 0], [1, 1, 1, 1], [0, 0, 0, 1, 1, 1], [0, 1, 1, 1], [1, 1, 0, 0, 0, 1], [0, 0, 1, 0, 0, 0], [1, 1, 1, 0], [0, 1, 0, 0, 1, 0], [1, 1, 1, 1], [1, 1, 0, 0, 1], [0, 0, 0, 0, 0, 1]]
Round 48: [[0, 0, 1, 0, 1, 0], [1, 1, 1, 1], [0, 1, 1, 0, 0, 0], [0, 1, 0, 0, 0, 1], [0, 1, 0, 0, 0, 0], [1, 0, 1, 0, 0, 1], [0, 0, 0, 1, 0, 0], [1, 0, 1, 0, 0, 1], [0, 1, 1, 0, 0, 0], [1, 1, 0, 0, 0, 0], [1, 1, 1, 1], [0, 1, 1, 1], [0, 0, 1, 0, 1, 1], [0, 0, 0, 1, 0, 1], [0, 0, 0, 1, 0, 0], [1, 0, 1, 0, 1]]
Round 49: [[0, 1, 1, 1], [1, 0, 1, 1], [1, 0, 1, 0, 1], [0, 0, 0, 1, 0, 0], [1, 0, 0, 0, 0, 0], [0, 0, 1, 0, 1, 1], [1, 1, 1, 1], [0, 1, 1, 1], [1, 1, 1, 0], [0, 0, 0, 1, 0, 1], [1, 0, 1, 0, 1], [0, 0, 0, 1, 1, 0], [0, 0, 1, 0, 0, 0], [0, 1, 1, 1], [0, 0, 1, 0, 1, 0], [0, 0, 1, 0, 1, 1]]
Round 50: [[1, 0, 1, 1], [0, 1, 1, 0, 0, 0], [0, 1, 1, 1], [1, 1, 1, 1], [0, 0, 1, 1, 0, 0], [0, 0, 1, 1, 1], [1, 1, 1, 1], [1, 0, 0, 0, 1, 1], [0, 1, 1, 0, 1], [0, 1, 1, 1], [1, 0, 1, 1], [1, 1, 1, 0], [1, 0, 1, 0, 0, 1], [1, 0, 1, 0, 0, 0], [0, 1, 0, 1, 0, 0], [1, 1, 1, 1]]
Round 51: [[1, 0, 0, 1, 0, 1], [1, 0, 1, 1], [1, 1, 1, 1], [1, 0, 0, 0, 1, 0], [0, 1, 0, 1, 1], [0, 0, 1, 0, 0, 1], [1, 0, 1, 0, 0, 0], [0, 1, 1, 1], [1, 0, 1, 0, 0, 0], [0, 1, 0, 1, 0, 1], [0, 1, 1, 0, 1], [0, 1, 1, 0, 0, 0], [0, 1, 0, 1, 0, 1], [1, 1, 0, 1], [1, 1, 0, 1], [0, 0, 0, 1, 1, 1]]
Round 52: [[0, 1, 1, 1], [1, 0, 1, 1], [0, 0, 0, 0, 0, 1], [1, 1, 0, 1], [1, 1, 0, 0, 1], [1, 0, 1, 1], [1, 1, 0, 0, 0, 0], [1, 1, 0, 1], [1, 0, 0, 0, 0, 1], [1, 1, 0, 1], [1, 0, 1, 0, 1], [1, 1, 1, 0], [1, 1, 0, 1], [0, 1, 0, 1, 1], [0, 1, 0, 0, 0, 1], [1, 0, 1, 0, 1]]
Round 53: [[1, 1, 1, 0], [0, 1, 0, 1, 0, 0], [1, 1, 1, 0], [1, 0, 0, 0, 1, 1], [1, 1, 0, 1], [0, 0, 0, 1, 0, 0], [0, 1, 0, 1, 0, 0], [1, 0, 1, 1], [0, 0, 0, 0, 1, 0], [1, 0, 1, 1], [0, 1, 1, 0, 0, 1], [0, 1, 1, 0, 0, 1], [0, 0, 1, 1, 0, 1], [0, 1, 0, 1, 1], [1, 0, 0, 1, 1], [1, 1, 1, 0]]
Round 54: [[1, 0, 0, 0, 0, 0], [0, 0, 1, 1, 1], [1, 0, 0, 1, 0, 0], [0, 1, 1, 0, 0, 0], [0, 1, 1, 1], [0, 0, 0, 0, 0, 1], [0, 1, 0, 0, 0, 0], [0, 1, 1, 0, 1], [1, 0, 1, 0, 0, 0], [0, 0, 0, 0, 0, 0], [1, 0, 0, 1, 0, 0], [0, 0, 1, 1, 0, 1], [1, 1, 0, 1], [0, 1, 0, 0, 0, 1], [0, 1, 1, 1], [0, 0, 0, 1, 1, 1]]
Round 55: [[0, 0, 0, 0, 1, 0], [1, 1, 0, 0, 0, 1], [0, 1, 0, 1, 0, 0], [0, 1, 1, 0, 0, 1], [1, 0, 1, 0, 1], [0, 1, 1, 1], [1, 0, 0, 1, 0, 1], [1, 1, 1, 0], [1, 1, 1, 0], [1, 0, 0, 1, 0, 0], [0, 0, 0, 0, 0, 1], [0, 1, 0, 0, 1, 0], [1, 1, 0, 1], [1, 1, 0, 0, 1], [1, 0, 0, 0, 0, 1], [1, 0, 0, 0, 0, 0]]
Round 56: [[1, 1, 1, 1], [1, 0, 0, 0, 1, 1], [1, 1, 1, 1], [0, 1, 0, 1, 1], [0, 0, 1, 0, 0, 1], [1, 1, 0, 0, 1], [1, 1, 1, 1], [0, 1, 0, 1, 0, 1], [1, 1, 0, 0, 0, 1], [0, 1, 1, 1], [1, 0, 0, 1, 0, 0], [1, 1, 0, 0, 1], [0, 0, 0, 1, 0, 0], [1, 1, 1, 0], [0, 0, 0, 0, 0, 0], [0, 0, 1, 0, 0, 1]]
Round 57: [[0, 1, 1, 1], [0, 1, 1, 0, 1], [0, 1, 1, 0, 0, 1], [0, 1, 0, 1, 0, 0], [1, 0, 1, 1], [0, 0, 0, 1, 0, 0], [1, 0, 1, 1], [1, 0, 1, 0, 1], [1, 1, 0, 1], [1, 1, 0, 0, 1], [1, 0, 1, 1], [0, 0, 0, 0, 0, 1], [0, 1, 1, 0, 0, 0], [1, 0, 1, 1], [0, 0, 1, 1, 0, 1], [0, 0, 0, 1, 1, 0]]
Round 58: [[0, 1, 1, 1], [0, 0, 0, 1, 0, 0], [0, 1, 0, 1, 1], [1, 0, 1, 0, 0, 0], [0, 0, 1, 1, 0, 0], [0, 1, 0, 1, 1], [1, 0, 0, 0, 1, 1], [0, 1, 0, 1, 1], [0, 0, 1, 1, 1], [1, 0, 0, 0, 0, 0], [0, 0, 1, 1, 1], [0, 1, 0, 0, 1, 0], [0, 0, 1, 0, 1, 1], [1, 0, 1, 0, 0, 1], [1, 0, 0, 1, 1], [0, 1, 0, 0, 1, 1]]
Round 59: [[1, 0, 0, 1, 1], [0, 1, 0, 0, 1, 0], [0, 1, 0, 1, 0, 0], [0, 0, 0, 0, 1, 1], [0, 1, 0, 0, 1, 1], [1, 0, 1, 1], [0, 1, 0, 1, 0, 0], [1, 0, 0, 0, 0, 1], [0, 1, 1, 0, 1], [1, 0, 1, 0, 0, 0], [0, 1, 0, 0, 1, 0], [0, 0, 1, 0, 1, 1], [1, 1, 0, 1], [1, 0, 0, 0, 0, 0], [0, 1, 1, 0, 1], [0, 0, 1, 0, 0, 0]]
Round 60: [[0, 0, 0, 0, 0, 0], [0, 0, 1, 0, 1, 0], [1, 1, 1, 0], [0, 1, 0, 1, 0, 0], [1, 1, 1, 1], [0, 1, 1, 1], [1, 1, 0, 1], [0, 0, 1, 1, 0, 1], [1, 0, 0, 1, 1], [1, 0, 0, 1, 0, 0], [1, 0, 0, 0, 1, 1], [1, 0, 1, 0, 1], [1, 0, 0, 1, 1], [1, 0, 1, 1], [1, 1, 1, 0], [0, 0, 1, 0, 0, 1]]
Round 61: [[1, 0, 1, 1], [0, 1, 0, 0, 1, 1], [1, 0, 0, 1, 0, 0], [1, 0, 1, 1], [1, 0, 0, 1, 0, 1], [0, 0, 0, 1, 0, 1], [0, 1, 0, 0, 1, 1], [0, 1, 1, 1], [0, 0, 0, 1, 0, 1], [0, 0, 0, 0, 0, 0], [0, 1, 0, 0, 1, 0], [1, 0, 0, 1, 0, 0], [0, 0, 1, 1, 1], [1, 1, 1, 0], [0, 0, 0, 0, 0, 0], [1, 1, 0, 1]]
Round 62: [[0, 0, 1, 1, 1], [1, 1, 0, 1], [1, 0, 1, 0, 1], [0, 1, 1, 1], [0, 0, 1, 1, 0, 0], [0, 1, 0, 1, 1], [0, 1, 1, 1], [1, 0, 1, 0, 0, 1], [0, 0, 1, 0, 1, 1], [1, 0, 0, 0, 0, 1], [0, 0, 1, 1, 0, 0], [0, 1, 1, 0, 0, 1], [0, 0, 1, 1, 1], [1, 1, 0, 1], [1, 1, 1, 1], [0, 1, 1, 0, 0, 0]]
Round 63: [[0, 1, 0, 1, 0, 0], [0, 0, 0, 0, 1, 0], [0, 0, 0, 1, 1, 1], [1, 0, 1, 1], [0, 0, 0, 1, 0, 1], [0, 0, 0, 1, 0, 1], [0, 0, 0, 1, 1, 0], [1, 0, 0, 0, 0, 0], [0, 1, 0, 0, 0, 0], [0, 1, 0, 1, 0, 1], [1, 1, 1, 0], [0, 1, 1, 1], [1, 1, 1, 1], [1, 0, 0, 0, 0, 1], [1, 0, 0, 0, 1, 1], [1, 1, 0, 1]]
Round 64: [[1, 0, 1, 0, 0, 1], [0, 0, 0, 1, 1, 1], [1, 0, 1, 1], [1, 0, 1, 0, 0, 1], [1, 0, 0, 0, 0, 1], [0, 0, 1, 0, 0, 0], [1, 0, 1, 0, 1], [0, 0, 1, 0, 0, 1], [0, 0, 1, 1, 1], [0, 1, 1, 1], [1, 1, 0, 0, 0, 1], [1, 0, 0, 0, 1, 0], [0, 1, 0, 0, 0, 1], [0, 1, 0, 0, 1, 1], [0, 0, 0, 1, 1, 0], [1, 0, 0, 0, 1, 1]]
Round 65: [[0, 0, 0, 0, 1, 0], [0, 1, 0, 1, 1], [1, 1, 1, 1], [1, 1, 0, 0, 0, 0], [0, 1, 0, 0, 1, 0], [0, 1, 0, 0, 0, 1], [0, 1, 1, 1], [0, 1, 0, 0, 1, 1], [1, 1, 1, 1], [0, 0, 1, 0, 1, 0], [0, 0, 1, 1, 0, 1], [0, 1, 0, 0, 0, 0], [0, 0, 1, 0, 0, 1], [1, 0, 0, 1, 1], [1, 0, 0, 1, 1], [1, 0, 1, 1]]
Round 66: [[0, 1, 1, 0, 1], [0, 0, 1, 1, 0, 1], [1, 1, 1, 0], [0, 1, 0, 0, 0, 0], [1, 1, 1, 0], [0, 0, 0, 1, 0, 0], [1, 0, 1, 0, 0, 1], [1, 0, 0, 0, 1, 1], [0, 0, 0, 1, 1, 0], [1, 0, 0, 1, 0, 1], [1, 1, 0, 1], [1, 0, 0, 0, 0, 1], [1, 0, 1, 0, 0, 1], [0, 1, 1, 0, 0, 0], [0, 0, 0, 0, 1, 1], [0, 1, 0, 0, 0, 1]]
Round 67: [[0, 1, 1, 1], [1, 1, 1, 1], [0, 0, 0, 1, 1, 1], [1, 0, 0, 1, 1], [0, 1, 1, 1], [0, 0, 0, 0, 1, 1], [1, 0, 1, 0, 0, 1], [0, 1, 1, 0, 1], [0, 0, 0, 0, 1, 1], [0, 0, 0, 1, 0, 0], [0, 1, 1, 0, 0, 1], [0, 1, 0, 0, 1, 1], [0, 0, 0, 1, 1, 0], [1, 0, 0, 1, 0, 0], [0, 0, 0, 0, 1, 0], [1, 0, 1, 0, 0, 1]]
Round 68: [[1, 1, 1, 1], [0, 1, 1, 1], [1, 1, 0, 1], [0, 0, 1, 0, 0, 1], [0, 1, 1, 1], [0, 0, 1, 1, 0, 1], [1, 0, 0, 1, 1], [0, 1, 1, 0, 0, 1], [0, 1, 0, 0, 0, 1], [1, 0, 0, 0, 1, 1], [0, 1, 0, 0, 0, 0], [1, 0, 0, 0, 1, 0], [0, 1, 1, 1], [1, 1, 0, 1], [1, 1, 0, 0, 0, 0], [0, 1, 0, 1, 1]]
Round 69: [[1, 0, 1, 1], [1, 0, 0, 1, 1], [1, 1, 1, 0], [1, 0, 1, 1], [0, 0, 1, 0, 0, 1], [0, 1, 0, 1, 1], [0, 1, 0, 0, 1, 0], [0, 0, 1, 0, 0, 0], [0, 0, 0, 1, 0, 1], [1, 0, 1, 0, 1], [0, 0, 1, 0, 1, 0], [0, 1, 1, 1], [1, 0, 1, 0, 1], [1, 1, 0, 1], [0, 1, 1, 0, 0, 0], [1, 1, 1, 0]]
Round 70: [[0, 1, 0, 0, 1, 1], [0, 1, 0, 1, 0, 0], [1, 1, 1, 1], [0, 1, 0, 1, 1], [1, 0, 1, 1], [1, 1, 0, 0, 0, 1], [1, 0, 1, 1], [1, 1, 1, 1], [1, 0, 1, 1], [1, 1, 0, 0, 1], [0, 1, 0, 0, 1, 1], [1, 0, 0, 1, 0, 0], [1, 0, 1, 1], [1, 0, 0, 1, 0, 1], [0, 0, 0, 1, 0, 1], [1, 0, 0, 1, 1]]
Round 71: [[1, 1, 0, 0, 1], [0, 1, 0, 1, 0, 0], [0, 1, 1, 0, 0, 0], [1, 1, 1, 0], [0, 0, 0, 0, 0, 1], [1, 1, 1, 0], [0, 1, 0, 1, 0, 1], [1, 0, 1, 0, 0, 1], [1, 0, 0, 1, 0, 0], [0, 0, 0, 0, 1, 0], [0, 0, 0, 1, 0, 0], [1, 0, 0, 1, 1], [1, 1, 0, 0, 0, 0], [0, 0, 0, 0, 1, 1], [1, 1, 0, 0, 0, 1], [0, 1, 1, 0, 1]]
Round 72: [[0, 0, 0, 0, 0, 1], [0, 1, 0, 0, 0, 0], [1, 0, 1, 0, 1], [0, 0, 1, 1, 1], [1, 1, 0, 1], [1, 1, 1, 1], [1, 1, 1, 0], [0, 1, 0, 1, 0, 0], [0, 1, 0, 0, 0, 0], [0, 0, 1, 1, 0, 0], [0, 0, 0, 0, 0, 1], [1, 0, 1, 1], [0, 0, 1, 0, 1, 1], [1, 0, 0, 1, 1], [0, 0, 1, 1, 0, 0], [0, 0, 1, 1, 0, 0]]
Round 73: [[1, 0, 0, 0, 0, 0], [1, 1, 0, 1], [1, 1, 0, 1], [0, 0, 1, 1, 0, 1], [1, 0, 0, 0, 0, 0], [1, 0, 1, 1], [0, 1, 0, 0, 1, 1], [1, 1, 0, 0, 0, 1], [1, 0, 1, 0, 0, 0], [1, 1, 1, 0], [1, 1, 1, 0], [1, 0, 1, 0, 0, 1], [0, 0, 1, 0, 0, 0], [1, 1, 1, 1], [1, 1, 1, 0], [1, 1, 0, 0, 1]]
Round 74: [[0, 1, 0, 0, 0, 1], [1, 0, 1, 0, 0, 1], [1, 0, 1, 1], [1, 0, 0, 0, 1, 0], [1, 1, 0, 1], [0, 1, 1, 1], [0, 0, 1, 1, 0, 1], [0, 1, 1, 0, 1], [1, 0, 0, 1, 1], [0, 1, 0, 0, 0, 1], [1, 0, 0, 1, 1], [0, 0, 0, 0, 1, 1], [1, 0, 0, 0, 1, 1], [1, 0, 0, 0, 1, 1], [1, 1, 0, 1], [0, 0, 0, 1, 0, 1]]
Round 75: [[0, 0, 1, 0, 1, 0], [0, 0, 1, 0, 0, 1], [1, 0, 0, 0, 1, 0], [0, 0, 1, 1, 1], [1, 0, 0, 1, 0, 1], [1, 0, 1, 0, 1], [1, 1, 0, 1], [0, 1, 1, 0, 0, 1], [0, 0, 0, 1, 0, 0], [0, 0, 1, 0, 0, 1], [1, 1, 0, 1], [0, 0, 0, 1, 0, 0], [0, 1, 1, 1], [0, 0, 0, 1, 0, 1], [1, 1, 0, 1], [0, 0, 1, 0, 0, 0]]
Round 76: [[1, 0, 1, 1], [0, 1, 0, 0, 1, 0], [0, 1, 1, 1], [1, 1, 0, 0, 1], [1, 0, 0, 0, 0, 0], [0, 1, 1, 0, 1], [0, 1, 1, 0, 0, 0], [0, 1, 0, 1, 1], [0, 1, 0, 0, 0, 0], [0, 0, 1, 1, 1], [1, 0, 0, 0, 0, 0], [0, 0, 1, 1, 1], [0, 1, 0, 1, 1], [0, 0, 0, 0, 0, 1], [1, 0, 1, 1], [1, 0, 1, 1]]
Round 77: [[1, 0, 0, 1, 1], [0, 0, 0, 0, 1, 1], [0, 0, 1, 1, 1], [0, 1, 1, 0, 0, 1], [1, 1, 1, 0], [0, 0, 0, 1, 1, 0], [1, 0, 1, 1], [1, 0, 0, 0, 1, 1], [1, 0, 0, 0, 0, 1], [1, 1, 0, 1], [0, 0, 0, 1, 0, 1], [0, 0, 0, 1, 0, 1], [1, 0, 1, 0, 0, 1], [0, 0, 0, 0, 0, 0], [0, 1, 1, 1], [0, 1, 1, 0, 0, 1]]
Round 78: [[0, 1, 0, 1, 1], [1, 1, 0, 0, 1], [0, 0, 0, 1, 0, 0], [0, 1, 0, 1, 0, 0], [1, 1, 1, 0], [1, 0, 0, 0, 0, 1], [0, 1, 0, 1, 1], [1, 0, 0, 0, 0, 1], [0, 1, 1, 1], [0, 1, 1, 0, 0, 1], [1, 1, 0, 0, 1], [1, 1, 0, 1], [0, 1, 0, 1, 1], [1, 1, 1, 0], [1, 0, 1, 1], [0, 0, 0, 1, 1, 0]]
Round 79: [[0, 1, 0, 0, 1, 0], [1, 1, 0, 0, 0, 0], [1, 1, 1, 1], [0, 1, 0, 1, 1], [1, 0, 0, 1, 1], [0, 0, 0, 0, 1, 0], [0, 1, 1, 0, 1], [0, 0, 0, 1, 1, 1], [0, 1, 0, 1, 1], [0, 1, 0, 0, 0, 1], [0, 1, 0, 1, 1], [0, 0, 0, 1, 1, 0], [0, 1, 0, 0, 1, 0], [0, 0, 0, 1, 0, 0], [0, 0, 0, 1, 0, 1], [0, 0, 1, 1, 1]]
Round 80: [[0, 1, 0, 1, 0, 0], [0, 1, 1, 1], [1, 0, 0, 0, 1, 0], [0, 1, 1, 1], [0, 0, 1, 0, 1, 1], [0, 1, 1, 1], [1, 1, 1, 1], [1, 0, 1, 1], [1, 1, 1, 1], [0, 0, 0, 1, 1, 0], [1, 0, 0, 1, 1], [0, 0, 1, 1, 1], [0, 0, 1, 0, 1, 0], [0, 1, 1, 0, 0, 0], [0, 1, 0, 0, 1, 1], [1, 1, 1, 0]]
Round 81: [[0, 1, 0, 0, 1, 0], [1, 1, 0, 0, 0, 0], [1, 1, 1, 1], [1, 0, 1, 0, 0, 0], [1, 0, 0, 0, 0, 0], [0, 1, 0, 0, 0, 1], [0, 0, 1, 0, 0, 0], [0, 0, 1, 0, 1, 1], [1, 1, 0, 1], [0, 1, 1, 0, 1], [0, 0, 1, 1, 0, 1], [1, 1, 1, 1], [0, 0, 0, 0, 1, 1], [0, 0, 0, 1, 1, 0], [0, 0, 0, 1, 0, 1], [1, 0, 1, 0, 1]]
Round 82: [[1, 0, 0, 0, 0, 1], [1, 0, 0, 0, 1, 1], [0, 1, 1, 0, 0, 1], [1, 1, 0, 0, 1], [1, 0, 0, 0, 0, 1], [1, 1, 1, 1], [0, 1, 1, 1], [0, 0, 1, 1, 0, 1], [0, 0, 0, 1, 1, 0], [0, 0, 1, 1, 0, 0], [0, 1, 0, 0, 1, 1], [0, 1, 1, 0, 0, 1], [0, 1, 1, 1], [0, 1, 1, 1], [1, 1, 0, 0, 0, 0], [0, 1, 0, 0, 0, 1]]
Round 83: [[0, 0, 1, 0, 1, 0], [1, 0, 1, 0, 1], [1, 0, 0, 0, 0, 0], [1, 0, 1, 1], [1, 0, 0, 1, 0, 1], [1, 1, 0, 0, 0, 1], [1, 1, 0, 0, 1], [0, 1, 0, 1, 1], [1, 1, 0, 0, 1], [1, 0, 0, 1, 1], [0, 0, 0, 1, 0, 1], [0, 1, 1, 1], [1, 0, 1, 1], [0, 1, 1, 0, 1], [0, 1, 1, 1], [1, 1, 1, 1]]
Round 84: [[1, 0, 1, 1], [0, 0, 0, 1, 1, 0], [1, 1, 0, 1], [0, 1, 0, 0, 1, 1], [0, 0, 0, 1, 0, 1], [1, 0, 1, 1], [1, 0, 1, 0, 1], [0, 0, 1, 1, 1], [0, 0, 1, 1, 0, 1], [1, 1, 1, 0], [1, 0, 0, 1, 0, 0], [0, 0, 1, 0, 1, 0], [0, 0, 1, 0, 0, 1], [0, 0, 1, 0, 0, 0], [0, 1, 0, 0, 0, 0], [0, 1, 1, 1]]
Round 85: [[0, 0, 0, 0, 0, 0], [1, 0, 1, 0, 0, 0], [0, 0, 1, 1, 0, 0], [1, 0, 1, 1], [1, 1, 1, 1], [0, 0, 0, 0, 1, 1], [0, 0, 0, 1, 0, 0], [1, 0, 1, 1], [1, 0, 1, 1], [0, 0, 1, 0, 1, 1], [0, 0, 1, 0, 0, 1], [1, 1, 0, 0, 0, 1], [0, 1, 1, 0, 0, 0], [1, 0, 1, 1], [1, 1, 0, 0, 0, 0], [0, 0, 1, 0, 0, 0]]
Round 86: [[0, 1, 1, 1], [0, 0, 1, 0, 0, 1], [1, 0, 1, 0, 0, 0], [0, 0, 0, 1, 1, 1], [0, 0, 1, 1, 0, 1], [1, 0, 1, 0, 0, 0], [1, 1, 1, 0], [0, 1, 0, 0, 1, 0], [0, 0, 0, 1, 0, 1], [0, 1, 0, 0, 1, 1], [1, 1, 1, 1], [1, 1, 1, 0], [0, 0, 1, 0, 0, 1], [1, 1, 1, 1], [1, 0, 0, 0, 1, 1], [1, 1, 1, 1]]
Round 87: [[1, 0, 0, 1, 1], [0, 0, 0, 0, 1, 1], [1, 1, 0, 1], [1, 1, 0, 1], [1, 1, 0, 0, 0, 1], [1, 1, 0, 1], [1, 1, 1, 1], [0, 1, 1, 0, 1], [0, 1, 1, 0, 1], [1, 0, 0, 1, 0, 1], [1, 0, 0, 1, 1], [1, 1, 0, 0, 1], [1, 0, 0, 1, 1], [1, 0, 0, 1, 1], [0, 0, 0, 0, 0, 1], [0, 1, 0, 0, 1, 0]]
Round 88: [[0, 1, 0, 0, 1, 0], [1, 0, 1, 1], [0, 1, 1, 1], [0, 1, 0, 0, 0, 0], [0, 1, 0, 0, 1, 0], [0, 1, 1, 0, 1], [1, 1, 0, 1], [1, 0, 1, 0, 0, 0], [0, 1, 1, 0, 0, 0], [1, 0, 0, 0, 0, 0], [0, 0, 1, 0, 0, 0], [1, 1, 0, 1], [0, 1, 1, 1], [1, 1, 1, 0], [1, 0, 1, 0, 1], [1, 0, 1, 0, 1]]
Round 89: [[1, 1, 0, 1], [1, 1, 1, 0], [0, 0, 1, 0, 1, 1], [1, 1, 1, 0], [0, 0, 0, 1, 0, 1], [1, 1, 0, 0, 1], [1, 1, 1, 0], [1, 0, 1, 0, 0, 1], [1, 0, 0, 0, 1, 1], [0, 0, 0, 1, 1, 1], [1, 0, 1, 0, 0, 1], [0, 0, 0, 1, 1, 0], [0, 0, 1, 1, 0, 0], [0, 0, 0, 0, 1, 0], [0, 1, 1, 0, 0, 0], [0, 0, 1, 1, 1]]
Round 90: [[0, 1, 1, 1], [1, 0, 1, 1], [0, 1, 1, 0, 1], [0, 1, 0, 1, 0, 1], [1, 0, 1, 1], [0, 0, 1, 1, 0, 1], [0, 1, 0, 0, 1, 1], [1, 1, 1, 1], [0, 0, 0, 0, 0, 1], [1, 1, 1, 1], [0, 0, 0, 0, 1, 0], [0, 0, 0, 1, 0, 1], [1, 1, 1, 1], [1, 0, 1, 1], [1, 1, 1, 0], [1, 0, 1, 0, 1]]
Round 91: [[1, 0, 1, 1], [0, 1, 0, 0, 1, 1], [1, 0, 1, 0, 1], [0, 1, 1, 0, 0, 1], [1, 0, 0, 0, 0, 0], [1, 1, 1, 1], [0, 1, 0, 1, 1], [1, 0, 0, 1, 0, 1], [1, 0, 0, 1, 1], [1, 0, 1, 0, 0, 1], [1, 0, 0, 1, 0, 1], [1, 1, 1, 1], [0, 0, 0, 0, 1, 0], [1, 0, 0, 1, 0, 0], [1, 1, 0, 1], [0, 0, 0, 1, 0, 1]]
Round 92: [[0, 0, 0, 0, 1, 1], [0, 0, 0, 1, 1, 1], [0, 1, 1, 1], [1, 1, 1, 1], [1, 0, 1, 0, 0, 1], [0, 0, 0, 1, 1, 1], [1, 0, 1, 0, 0, 0], [1, 1, 1, 0], [1, 1, 1, 1], [0, 0, 1, 0, 1, 0], [1, 0, 1, 0, 1], [1, 1, 1, 0], [0, 0, 0, 1, 0, 0], [1, 0, 1, 1], [0, 1, 0, 0, 1, 1], [1, 1, 0, 0, 0, 1]]
Round 93: [[1, 0, 0, 1, 0, 1], [1, 0, 0, 1, 0, 0], [0, 0, 0, 1, 0, 0], [1, 1, 0, 1], [0, 1, 0, 0, 0, 1], [0, 1, 0, 1, 1], [1, 1, 1, 0], [0, 0, 1, 1, 0, 0], [1, 1, 1, 1], [0, 0, 1, 0, 1, 0], [1, 1, 1, 0], [1, 1, 0, 1], [1, 0, 0, 0, 1, 1], [1, 0, 1, 1], [1, 1, 0, 1], [1, 1, 0, 1]]
Round 94: [[0, 1, 0, 0, 0, 1], [1, 1, 0, 0, 0, 0], [1, 0, 0, 1, 1], [0, 1, 1, 0, 0, 1], [1, 0, 1, 1], [1, 1, 0, 0, 0, 1], [0, 1, 0, 1, 0, 1], [0, 0, 0, 0, 0, 1], [1, 0, 0, 0, 0, 1], [1, 0, 1, 1], [1, 1, 0, 1], [0, 1, 0, 1, 1], [0, 0, 0, 0, 0, 1], [1, 0, 1, 0, 0, 0], [0, 1, 0, 0, 0, 1], [0, 1, 0, 1, 0, 1]]
Round 95: [[1, 0, 0, 1, 1], [0, 0, 0, 1, 0, 1], [0, 1, 0, 1, 1], [1, 0, 1, 1], [0, 0, 0, 1, 0, 1], [0, 1, 1, 1], [0, 1, 1, 1], [0, 1, 1, 0, 1], [1, 0, 0, 0, 1, 1], [0, 1, 0, 0, 1, 0], [1, 1, 1, 1], [1, 1, 1, 1], [1, 1, 0, 0, 1], [1, 1, 1, 1], [1, 1, 0, 0, 0, 0], [0, 0, 1, 0, 0, 0]]
Round 96: [[1, 1, 0, 0, 0, 0], [0, 1, 0, 0, 0, 0], [0, 1, 0, 1, 0, 0], [1, 1, 1, 0], [1, 0, 1, 0, 0, 0], [1, 1, 0, 0, 0, 1], [0, 0, 1, 0, 0, 1], [0, 0, 1, 0, 1, 0], [1, 1, 1, 0], [0, 1, 0, 0, 0, 1], [1, 1, 1, 1], [0, 0, 0, 1, 0, 1], [0, 0, 0, 0, 1, 1], [1, 1, 1, 1], [1, 0, 0, 1, 0, 1], [1, 0, 0, 1, 1]]
Round 97: [[1, 1, 0, 0, 1], [1, 1, 0, 0, 0, 1], [0, 1, 0, 1, 1], [1, 0, 1, 0, 0, 0], [0, 0, 0, 1, 0, 1], [1, 0, 0, 1, 1], [0, 0, 1, 0, 1, 1], [1, 1, 1, 1], [1, 1, 0, 0, 0, 1], [1, 0, 1, 0, 0, 0], [0, 0, 0, 1, 0, 0], [0, 1, 1, 1], [0, 0, 1, 0, 1, 0], [1, 1, 0, 1], [1, 1, 0, 0, 0, 1], [1, 0, 1, 1]]
Round 98: [[0, 0, 0, 0, 0, 1], [0, 1, 0, 1, 1], [1, 0, 0, 1, 1], [1, 1, 1, 1], [1, 0, 1, 0, 1], [1, 0, 1, 1], [1, 0, 1, 0, 1], [1, 1, 0, 1], [1, 0, 0, 0, 1, 1], [1, 0, 1, 1], [1, 0, 0, 0, 1, 0], [1, 1, 1, 0], [0, 0, 0, 0, 1, 1], [0, 0, 0, 1, 0, 0], [0, 0, 1, 1, 0, 1], [0, 1, 1, 1]]
Round 99: [[0, 1, 1, 1], [0, 0, 0, 0, 1, 1], [1, 1, 0, 0, 1], [0, 0, 0, 1, 0, 1], [1, 0, 0, 0, 0, 1], [1, 0, 1, 1], [0, 0, 0, 0, 0, 0], [1, 1, 1, 1], [0, 1, 1, 1], [0, 1, 0, 0, 1, 1], [0, 1, 1, 0, 1], [1, 1, 1, 1], [1, 0, 0, 1, 1], [0, 1, 0, 0, 0, 0], [0, 0, 1, 1, 0, 0], [1, 0, 1, 0, 1]]
