Round 0: [[1, 1, 1, 0], [0, 1, 0, 1, 1], [1, 1, 1, 1], [1, 0, 0, 1, 1], [1, 1, 0, 1], [1, 0, 1, 1], [1, 0, 0, 1, 0, 1], [0, 0, 1, 1, 0, 1], [1, 0, 1, 1], [1, 1, 0, 0, 1], [1, 1, 0, 1], [1, 1, 1, 0], [1, 0, 0, 1, 0, 1], [1, 1, 0, 1], [1, 0, 1, 0, 0, 1], [1, 1, 0, 1]]
Round 1: [[1, 1, 1, 0], [1, 0, 0, 1, 0, 0, 1], [1, 1, 1, 1], [0, 1, 0, 0, 1, 0, 1], [1, 1, 1, 1], [1, 1, 1, 1], [1, 1, 1, 1], [1, 1, 1, 1], [0, 1, 1, 1], [1, 1, 0, 1], [1, 1, 1, 0], [1, 1, 1, 0], [1, 1, 1, 1], [0, 1, 1, 1], [1, 0, 1, 1], [1, 0, 1, 1]]
Round 2: [[1, 1, 1, 1], [0, 1, 1, 1], [1, 1, 0, 1], [1, 1, 1, 1], [1, 0, 1, 1], [1, 1, 1, 1], [1, 1, 1, 1], [1, 1, 1, 0], [1, 0, 1, 0, 0, 1], [0, 1, 1, 0, 1], [1, 1, 1, 0], [1, 1, 1, 1], [1, 1, 1, 1], [1, 0, 1, 1], [1, 1, 0, 0, 1], [1, 0, 0, 0, 1, 1]]
Round 3: [[1, 1, 1, 1], [1, 1, 0, 1], [0, 1, 0, 1, 1], [1, 1, 1, 1], [1, 1, 0, 1], [1, 1, 1, 1], [1, 1, 1, 1], [1, 1, 0, 1], [1, 1, 0, 1], [1, 1, 1, 1], [1, 0, 1, 1], [1, 1, 0, 1], [1, 1, 0, 1], [1, 0, 1, 1], [1, 1, 1, 1], [1, 1, 1, 1]]
Round 4: [[0, 0, 1, 1, 1], [1, 1, 0, 1], [1, 1, 1, 0], [0, 1, 0, 1, 0, 1], [1, 0, 0, 1, 1], [1, 1, 1, 1], [1, 1, 1, 1], [1, 0, 1, 1], [1, 0, 0, 1, 1], [1, 1, 1, 1], [1, 1, 1, 0], [1, 1, 1, 1], [1, 0, 1, 1], [1, 1, 0, 1], [1, 1, 1, 1], [1, 1, 0, 1]]
Round 5: [[1, 1, 1, 1], [1, 0, 0, 1, 1], [0, 1, 1, 1], [1, 1, 1, 1], [1, 1, 1, 1], [0, 1, 1, 0, 0, 1], [1, 1, 0, 1], [0, 0, 1, 1, 0, 1], [1, 0, 1, 0, 1], [0, 1, 1, 1], [0, 1, 1, 1], [1, 1, 1, 1], [1, 1, 1, 1], [1, 1, 1, 1], [1, 1, 0, 0, 1], [1, 0, 1, 1]]
Round 6: [[1, 1, 1, 1], [0, 1, 1, 1], [1, 1, 1, 1], [0, 1, 1, 1], [1, 0, 0, 1, 1], [1, 0, 1, 1], [1, 0, 1, 1], [1, 0, 1, 1], [1, 0, 0, 1, 1], [1, 0, 1, 0, 1], [1, 0, 1, 1], [0, 1, 1, 1], [1, 1, 1, 1], [1, 0, 1, 1], [0, 0, 1, 0, 0, 1, 1], [0, 0, 1, 1, 1]]
Round 7: [[1, 1, 1, 1], [1, 1, 1, 1], [1, 1, 0, 0, 0, 1], [1, 1, 1, 1], [1, 1, 1, 1], [1, 1, 1, 1], [1, 1, 1, 1], [0, 1, 1, 1], [0, 0, 1, 1, 1], [0, 1, 1, 1], [1, 1, 1, 1], [0, 0, 1, 1, 1], [0, 0, 1, 0, 0, 1, 0, 1], [1, 1, 0, 1], [0, 1, 1, 1], [1, 1, 1, 1]]
Round 8: [[1, 0, 1, 0, 1], [1, 1, 1, 0], [1, 1, 1, 1], [1, 1, 1, 1], [1, 1, 0, 1], [1, 1, 0, 1], [1, 1, 0, 1], [1, 1, 1, 1], [0, 1, 1, 1], [0, 1, 0, 1, 1], [1, 1, 1, 1], [1, 1, 1, 1], [1, 1, 1, 1], [1, 1, 1, 1], [1, 0, 1, 1], [1, 1, 0, 1]]
Round 9: [[0, 1, 1, 1], [1, 1, 1, 1], [1, 1, 1, 0], [1, 0, 0, 0, 1, 1], [1, 1, 1, 0], [1, 1, 1, 1], [1, 0, 0, 0, 1, 1], [0, 1, 1, 1], [1, 1, 0, 1], [1, 0, 0, 1, 1], [0, 1, 1, 1], [1, 1, 1, 0], [1, 0, 1, 1], [1, 0, 0, 1, 1], [1, 0, 1, 1], [0, 0, 1, 1, 1]]
Round 10: [[1, 1, 1, 0], [1, 1, 0, 1], [1, 1, 1, 1], [1, 1, 1, 1], [1, 1, 1, 1], [1, 1, 1, 1], [0, 0, 1, 1, 1], [1, 1, 1, 1], [1, 1, 0, 1], [0, 0, 0, 1, 1, 1], [1, 0, 1, 1], [1, 1, 1, 1], [1, 1, 0, 1], [1, 0, 1, 1], [1, 1, 1, 0], [1, 1, 0, 1]]
Round 11: [[1, 1, 1, 0], [1, 1, 1, 0], [1, 1, 0, 1], [1, 1, 1, 1], [0, 1, 1, 1], [1, 1, 1, 0], [1, 1, 1, 1], [1, 1, 1, 0], [0, 0, 1, 1, 1], [1, 1, 1, 0], [0, 1, 0, 1, 1], [1, 1, 0, 1], [1, 1, 1, 1], [1, 1, 1, 1], [1, 0, 1, 0, 1], [1, 1, 1, 1]]
Round 12: [[1, 1, 1, 1], [0, 0, 1, 1, 1], [1, 1, 0, 1], [1, 1, 1, 1], [1, 0, 1, 1], [1, 0, 0, 1, 1], [1, 1, 0, 1], [0, 1, 1, 1], [1, 1, 1, 1], [1, 1, 0, 1], [1, 1, 1, 1], [0, 1, 1, 0, 1], [1, 1, 1, 1], [1, 1, 1, 1], [1, 1, 1, 1], [1, 0, 1, 0, 1]]
Round 13: [[1, 1, 0, 1], [1, 1, 1, 1], [1, 1, 1, 1], [0, 1, 0, 1, 1], [0, 0, 1, 0, 1, 0, 1], [1, 1, 1, 1], [1, 1, 1, 1], [0, 1, 1, 0, 1], [1, 0, 1, 1], [1, 1, 0, 1], [1, 0, 1, 1], [1, 1, 0, 1], [1, 0, 1, 0, 1], [0, 1, 0, 1, 1], [1, 1, 0, 1], [1, 1, 1, 1]]
Round 14: [[1, 1, 1, 1], [1, 1, 0, 1], [1, 0, 1, 1], [0, 1, 1, 1], [1, 0, 1, 1], [0, 0, 0, 1, 0, 1, 1], [1, 1, 1, 1], [0, 1, 1, 1], [1, 1, 1, 1], [1, 1, 1, 0], [0, 1, 1, 1], [0, 0, 0, 1, 1, 1], [1, 1, 0, 1], [0, 1, 1, 1], [0, 1, 1, 1], [1, 0, 1, 1]]
Round 15: [[1, 1, 1, 1], [1, 1, 1, 1], [1, 1, 1, 0], [1, 1, 1, 1], [0, 0, 1, 1, 1], [1, 1, 1, 1], [1, 1, 1, 1], [1, 0, 1, 1], [0, 1, 1, 1], [1, 1, 1, 1], [0, 0, 0, 1, 0, 0, 1, 1], [1, 0, 1, 1], [0, 1, 1, 0, 1], [0, 1, 1, 1], [1, 1, 1, 1], [0, 1, 1, 1]]
Round 16: [[1, 0, 0, 0, 1, 1], [1, 1, 1, 1], [1, 1, 0, 1], [1, 1, 1, 1], [1, 0, 1, 1], [1, 0, 1, 1], [1, 1, 0, 1], [0, 1, 1, 0, 1], [0, 1, 0, 1, 1], [0, 1, 1, 1], [0, 1, 0, 1, 0, 1], [1, 1, 1, 1], [1, 1, 0, 1], [0, 1, 1, 0, 0, 0, 0, 0, 1], [1, 1, 1, 0], [1, 1, 0, 1]]
Round 17: [[1, 1, 1, 1], [0, 1, 0, 1, 1], [0, 1, 1, 1], [0, 1, 1, 1], [1, 1, 0, 0, 1], [0, 1, 0, 1, 1], [1, 0, 1, 1], [1, 1, 1, 1], [1, 1, 1, 0], [1, 0, 1, 1], [1, 0, 1, 1], [1, 1, 0, 1], [1, 1, 1, 1], [0, 1, 1, 1], [1, 1, 1, 1], [1, 1, 1, 0]]
Round 18: [[1, 1, 1, 1], [1, 1, 0, 1], [0, 0, 1, 1, 1], [1, 1, 1, 1], [1, 0, 1, 0, 1], [1, 0, 1, 1], [1, 1, 1, 1], [0, 1, 0, 1, 0, 1], [1, 0, 1, 1], [1, 0, 1, 1], [1, 0, 1, 1], [1, 0, 1, 0, 0, 1], [1, 1, 1, 1], [1, 1, 1, 1], [1, 1, 1, 1], [0, 1, 1, 1]]
Round 19: [[1, 0, 0, 1, 1], [1, 0, 1, 1], [1, 1, 1, 1], [1, 1, 1, 0], [0, 1, 1, 1], [0, 0, 1, 1, 1], [0, 1, 1, 0, 1], [1, 1, 0, 1], [1, 1, 1, 0], [0, 1, 1, 1], [1, 1, 1, 0], [0, 1, 0, 1, 1], [0, 1, 1, 1], [1, 1, 0, 1], [1, 1, 0, 0, 1], [1, 0, 1, 1]]
Round 20: [[0, 1, 1, 1], [1, 1, 1, 1], [1, 1, 1, 0], [0, 1, 1, 0, 1], [1, 1, 1, 1], [1, 1, 1, 0], [0, 0, 1, 0, 1, 0, 0, 0, 0], [1, 1, 1, 0], [1, 1, 1, 1], [1, 1, 0, 1], [0, 1, 0, 1, 1], [0, 0, 0, 0, 1, 1, 0, 1], [1, 1, 1, 0], [1, 1, 1, 1], [1, 1, 1, 1], [1, 1, 1, 1]]
Round 21: [[1, 1, 1, 1], [1, 1, 1, 1], [0, 1, 0, 1, 1], [1, 1, 1, 1], [0, 0, 1, 1, 1], [1, 1, 1, 1], [1, 1, 1, 1], [1, 1, 1, 1], [1, 0, 1, 1], [1, 1, 1, 1], [1, 1, 1, 1], [1, 1, 1, 1], [1, 0, 1, 1], [0, 1, 1, 0, 0, 0, 1], [1, 0, 0, 1, 1], [1, 0, 1, 0, 1]]
Round 22: [[1, 0, 1, 1], [0, 0, 1, 1, 0, 1], [1, 0, 1, 0, 1], [0, 1, 1, 1], [0, 1, 0, 0, 1, 0, 0, 1], [1, 1, 1, 0], [0, 1, 1, 0, 0, 0, 1], [1, 0, 1, 1], [1, 1, 1, 1], [1, 0, 1, 1], [1, 0, 1, 0, 0, 1], [1, 1, 0, 0, 1], [0, 1, 1, 1], [1, 1, 1, 1], [1, 1, 1, 1], [1, 1, 1, 1]]
Round 23: [[0, 1, 1, 0, 1], [1, 1, 0, 1], [1, 0, 1, 1], [1, 1, 1, 1], [1, 0, 0, 1, 1], [1, 1, 1, 0], [1, 1, 0, 1], [0, 1, 1, 1], [1, 1, 0, 1], [1, 0, 1, 0, 1], [1, 1, 1, 1], [1, 0, 1, 1], [1, 1, 1, 1], [1, 1, 1, 0], [1, 1, 1, 1], [1, 1, 1, 1]]
Round 24: [[1, 1, 1, 1], [1, 1, 0, 1], [1, 1, 1, 1], [1, 1, 0, 1], [1, 1, 1, 1], [1, 1, 1, 1], [1, 0, 0, 0, 1, 1], [0, 0, 0, 1, 0, 1, 1], [0, 1, 1, 1], [1, 1, 1, 0], [1, 1, 0, 1], [1, 1, 1, 1], [1, 1, 1, 1], [0, 1, 1, 1], [1, 1, 1, 1], [0, 0, 1, 1, 1]]
Round 25: [[1, 1, 1, 1], [1, 0, 1, 1], [0, 1, 1, 0, 1], [1, 1, 1, 1], [0, 1, 1, 1], [1, 1, 1, 1], [1, 1, 0, 1], [1, 0, 1, 1], [1, 1, 1, 0], [1, 1, 0, 1], [1, 0, 1, 1], [1, 1, 1, 0], [1, 1, 0, 1], [0, 1, 1, 1], [1, 1, 1, 1], [1, 1, 0, 0, 0, 0, 1]]
Round 26: [[1, 0, 1, 1], [1, 1, 1, 0], [0, 1, 1, 0, 1], [0, 1, 1, 1], [0, 1, 0, 1, 1], [1, 1, 1, 1], [0, 1, 1, 1], [1, 1, 1, 0], [1, 1, 1, 0], [1, 1, 1, 1], [1, 0, 1, 0, 1], [0, 1, 1, 0, 1], [0, 1, 1, 0, 1], [0, 1, 1, 1], [1, 1, 0, 0, 1], [1, 1, 1, 1]]
Round 27: [[1, 1, 0, 1], [1, 1, 1, 1], [0, 1, 1, 0, 1], [1, 1, 1, 0], [1, 0, 1, 1], [1, 0, 1, 1], [0, 1, 0, 0, 0, 1, 1], [0, 0, 0, 1, 1, 0, 1], [0, 1, 0, 0, 1, 0, 0, 1], [1, 1, 1, 1], [0, 1, 0, 0, 1, 0, 1], [1, 1, 1, 1], [0, 1, 1, 1], [1, 0, 0, 1, 1, 0], [0, 1, 0, 0, 1, 1], [1, 1, 1, 0]]
Round 28: [[1, 1, 1, 1], [0, 1, 0, 1, 0, 0, 1], [1, 0, 1, 1], [1, 0, 1, 1], [1, 1, 1, 1], [1, 1, 1, 1], [0, 0, 1, 1, 0, 1], [0, 1, 1, 1], [1, 1, 0, 1], [1, 0, 1, 1], [1, 0, 1, 1], [1, 0, 1, 0, 0, 0, 1], [0, 1, 1, 1], [1, 0, 1, 0, 1], [0, 1, 1, 0, 1], [1, 1, 1, 1]]
Round 29: [[1, 0, 1, 1], [0, 1, 1, 1], [1, 1, 0, 1], [1, 1, 0, 1], [1, 1, 1, 0], [0, 0, 1, 0, 0, 0, 1, 1], [1, 1, 1, 1], [0, 1, 1, 1], [1, 1, 1, 1], [1, 0, 1, 0, 0, 1], [1, 1, 1, 0], [1, 1, 1, 1], [1, 1, 1, 1], [0, 0, 1, 0, 1, 1], [0, 0, 1, 0, 1, 1], [0, 0, 0, 1, 1, 1]]
Round 30: [[1, 0, 1, 0, 1], [1, 1, 0, 0, 1], [1, 1, 1, 1], [1, 1, 1, 1], [1, 1, 1, 1], [0, 1, 1, 0, 1], [1, 1, 1, 1], [1, 1, 1, 1], [1, 1, 1, 1], [0, 1, 1, 1], [0, 0, 1, 1, 0, 1], [1, 0, 0, 1, 1], [1, 1, 1, 0], [1, 0, 1, 1], [1, 1, 1, 1], [1, 0, 1, 1]]
Round 31: [[1, 1, 1, 1], [1, 1, 1, 1], [0, 1, 0, 1, 1], [1, 1, 1, 1], [0, 1, 1, 0, 1], [1, 1, 1, 1], [1, 0, 1, 1], [1, 1, 1, 1], [1, 0, 0, 1, 1], [1, 1, 1, 1], [1, 0, 1, 1], [1, 1, 0, 1], [0, 0, 1, 1, 1], [1, 0, 1, 0, 1], [1, 1, 1, 1], [1, 0, 1, 0, 0, 1]]
Round 32: [[1, 1, 1, 0], [0, 1, 1, 1], [1, 1, 1, 1], [1, 0, 1, 1], [1, 1, 1, 0], [1, 1, 1, 1], [1, 1, 1, 0], [1, 1, 1, 1], [1, 1, 0, 1], [0, 1, 0, 1, 1], [1, 1, 1, 0], [1, 1, 1, 0], [1, 1, 1, 1], [1, 1, 1, 1], [1, 1, 0, 0, 0, 1], [0, 0, 1, 1, 0, 0, 1]]
Round 33: [[1, 0, 1, 1], [1, 1, 1, 0], [0, 1, 1, 1], [0, 1, 1, 1], [1, 1, 1, 1], [1, 1, 1, 1], [1, 1, 1, 1], [0, 1, 1, 1], [1, 1, 1, 1], [1, 1, 1, 1], [1, 1, 1, 1], [1, 1, 1, 1], [0, 1, 1, 1], [1, 1, 0, 1], [1, 0, 1, 0, 0, 1], [0, 0, 1, 1, 0, 0, 1]]
Round 34: [[1, 1, 1, 0], [1, 1, 1, 1], [1, 1, 1, 1], [1, 1, 1, 1], [0, 1, 1, 1], [1, 0, 1, 1], [1, 1, 1, 1], [0, 0, 1, 1, 1], [0, 1, 1, 1], [0, 1, 0, 1, 1], [0, 1, 0, 1, 1], [0, 0, 1, 1, 0, 1], [1, 0, 1, 1], [1, 0, 1, 1], [1, 1, 1, 1], [1, 1, 0, 1]]
Round 35: [[1, 1, 0, 1], [0, 1, 0, 1, 0, 1], [1, 0, 1, 1], [1, 0, 1, 0, 1], [1, 1, 1, 0], [1, 1, 1, 0], [0, 0, 0, 0, 0, 1, 1, 1], [1, 1, 0, 1], [1, 0, 1, 0, 0, 1], [1, 1, 1, 1], [1, 0, 0, 1, 1], [1, 1, 1, 1], [1, 1, 1, 1], [1, 0, 0, 0, 1, 1], [1, 1, 1, 1], [1, 1, 1, 0]]
Round 36: [[1, 1, 1, 1], [0, 0, 1, 1, 1], [1, 1, 1, 0], [1, 1, 0, 1], [1, 0, 1, 1], [1, 1, 1, 1], [1, 1, 1, 1], [1, 1, 1, 1], [0, 0, 1, 1, 1], [1, 1, 1, 1], [1, 1, 1, 1], [1, 1, 1, 1], [1, 0, 0, 1, 1], [1, 0, 1, 1], [1, 1, 1, 1], [1, 1, 1, 1]]
Round 37: [[1, 1, 1, 0], [1, 1, 1, 0], [1, 0, 1, 1], [1, 1, 0, 1], [1, 1, 1, 1], [0, 1, 0, 1, 1], [1, 1, 1, 1], [1, 1, 1, 0], [0, 1, 1, 1], [1, 1, 0, 1], [1, 1, 0, 1], [1, 1, 1, 1], [1, 1, 0, 1], [1, 1, 1, 1], [1, 1, 1, 1], [1, 1, 0, 1]]
Round 38: [[1, 1, 0, 0, 1], [1, 1, 0, 1], [1, 1, 0, 0, 1], [1, 1, 1, 1], [1, 1, 1, 1], [0, 0, 1, 1, 1], [1, 1, 0, 1], [1, 1, 0, 1], [1, 1, 0, 1], [1, 1, 1, 1], [1, 1, 1, 0], [1, 1, 1, 1], [1, 0, 1, 1], [1, 1, 1, 1], [1, 1, 0, 1], [0, 1, 0, 1, 1]]
Round 39: [[1, 1, 1, 1], [1, 1, 0, 0, 1], [1, 0, 1, 0, 1], [1, 0, 1, 1], [1, 1, 1, 0], [1, 1, 1, 1], [1, 1, 1, 1], [1, 0, 1, 1], [1, 1, 1, 1], [1, 1, 1, 1], [1, 1, 0, 1], [1, 1, 1, 1], [1, 0, 1, 0, 1], [1, 1, 0, 1], [0, 0, 0, 1, 0, 1, 1], [0, 0, 1, 1, 1]]
Round 40: [[1, 0, 0, 0, 0, 1, 1], [1, 1, 1, 1], [1, 1, 1, 1], [0, 1, 1, 0, 1], [1, 0, 1, 0, 1], [1, 1, 1, 1], [1, 1, 1, 0], [0, 0, 1, 0, 1, 1], [1, 1, 1, 1], [0, 0, 1, 1, 0, 1], [1, 1, 1, 1], [0, 1, 1, 0, 1], [1, 1, 1, 1], [1, 1, 1, 1], [0, 1, 1, 1], [0, 1, 1, 0, 0, 0, 1]]
Round 41: [[1, 0, 1, 1], [1, 1, 0, 1], [1, 1, 1, 0], [0, 0, 1, 0, 0, 1, 0, 1], [0, 1, 0, 1, 1], [1, 1, 1, 1], [0, 1, 1, 1], [1, 0, 0, 1, 1], [1, 1, 1, 1], [1, 1, 0, 1], [1, 1, 1, 1], [0, 0, 1, 1, 0, 1], [0, 1, 1, 1], [0, 1, 1, 1], [1, 1, 1, 0], [1, 1, 1, 1]]
Round 42: [[1, 1, 1, 1], [1, 1, 1, 0], [1, 1, 1, 1], [1, 1, 1, 0], [1, 1, 1, 1], [1, 0, 1, 1], [1, 0, 1, 1], [1, 1, 1, 1], [0, 1, 0, 1, 1], [0, 1, 0, 1, 0, 1], [1, 1, 1, 1], [1, 1, 1, 1], [0, 1, 1, 1], [1, 1, 1, 0], [1, 1, 1, 1], [0, 1, 1, 1]]
Round 43: [[0, 1, 1, 1], [0, 1, 1, 1], [1, 1, 1, 0], [1, 1, 1, 1], [0, 1, 1, 0, 1], [1, 0, 1, 1], [1, 1, 1, 1], [1, 1, 1, 1], [1, 1, 1, 1], [1, 1, 0, 1], [1, 1, 0, 1], [1, 0, 1, 1], [0, 1, 1, 1], [0, 0, 1, 1, 1], [1, 1, 1, 1], [1, 1, 1, 1]]
Round 44: [[0, 0, 1, 1, 0, 1], [1, 0, 1, 0, 1], [0, 1, 0, 1, 1], [1, 1, 1, 0], [0, 1, 1, 1], [1, 1, 0, 1], [1, 0, 0, 1, 1], [1, 1, 1, 1], [1, 1, 1, 1], [0, 1, 1, 1], [1, 1, 0, 1], [1, 0, 1, 1], [0, 1, 1, 1], [1, 1, 0, 0, 1], [1, 1, 0, 0, 1], [1, 1, 1, 1]]
Round 45: [[1, 1, 1, 0], [1, 1, 1, 1], [1, 1, 1, 1], [1, 1, 1, 1], [1, 0, 1, 1], [1, 0, 1, 0, 1], [1, 1, 1, 0], [0, 1, 1, 1], [0, 1, 1, 1], [1, 1, 1, 1], [1, 0, 1, 0, 1], [0, 1, 0, 1, 1], [1, 0, 1, 1], [0, 1, 0, 1, 1], [1, 1, 1, 1], [1, 1, 1, 1]]
Round 46: [[1, 0, 1, 1], [1, 1, 1, 0], [0, 1, 1, 1], [0, 0, 1, 1, 1], [1, 1, 0, 1], [1, 1, 1, 1], [0, 1, 0, 1, 1], [1, 0, 1, 1], [1, 1, 1, 1], [0, 1, 1, 1], [1, 1, 0, 0, 0, 1], [1, 1, 0, 1], [1, 1, 1, 1], [0, 1, 1, 1], [1, 1, 1, 0], [1, 1, 0, 0, 1]]
Round 47: [[1, 1, 0, 1], [1, 0, 1, 1], [1, 1, 1, 0], [0, 1, 0, 1, 1], [1, 0, 1, 1], [1, 0, 0, 1, 1], [1, 1, 0, 1], [0, 1, 0, 1, 1], [1, 1, 1, 1], [1, 1, 1, 1], [0, 1, 0, 1, 1], [0, 1, 1, 1], [1, 1, 1, 1], [1, 1, 0, 1], [1, 0, 1, 1], [1, 1, 1, 1]]
Round 48: [[1, 1, 0, 0, 0, 1], [1, 1, 1, 0], [1, 1, 0, 0, 1], [0, 1, 1, 1], [0, 1, 1, 1], [1, 1, 1, 1], [1, 1, 1, 1], [1, 1, 0, 0, 1], [1, 1, 1, 1], [1, 1, 0, 1], [1, 1, 1, 1], [1, 1, 1, 1], [1, 1, 1, 1], [1, 1, 1, 1], [0, 1, 1, 1], [1, 1, 0, 1]]
Round 49: [[1, 1, 1, 1], [1, 1, 1, 1], [0, 1, 1, 1], [0, 1, 0, 0, 1, 1], [1, 0, 1, 1], [1, 1, 1, 1], [1, 0, 1, 0, 0, 1], [0, 0, 1, 0, 0, 1, 1], [0, 1, 1, 1], [1, 1, 1, 1], [0, 1, 1, 1], [1, 0, 1, 1], [1, 1, 1, 1], [0, 0, 1, 1, 1], [1, 1, 1, 0], [1, 1, 1, 0]]
Round 50: [[1, 1, 1, 1], [1, 1, 1, 0], [1, 1, 1, 1], [1, 1, 1, 0], [1, 1, 1, 1], [0, 1, 1, 1], [1, 1, 1, 0], [0, 1, 1, 1], [1, 1, 0, 0, 0, 0, 0, 1], [1, 1, 1, 1], [1, 1, 1, 1], [1, 1, 1, 1], [0, 0, 0, 1, 1, 1], [1, 1, 1, 1], [1, 1, 0, 0, 0, 1], [1, 1, 1, 1]]
Round 51: [[0, 0, 1, 1, 0, 1], [1, 0, 1, 0, 1], [1, 1, 1, 1], [1, 1, 0, 1], [1, 0, 0, 1, 1], [1, 1, 0, 0, 1], [1, 0, 1, 1], [1, 0, 1, 1], [1, 1, 1, 1], [0, 1, 1, 1], [1, 0, 0, 1, 0, 1], [0, 1, 1, 1], [1, 1, 1, 1], [1, 1, 1, 0], [1, 0, 1, 0, 0, 1], [1, 1, 1, 0]]
Round 52: [[1, 1, 1, 1], [1, 1, 1, 0], [1, 0, 1, 1], [1, 1, 1, 0], [0, 1, 1, 0, 1], [1, 1, 0, 1], [0, 1, 1, 1], [0, 1, 1, 1], [1, 1, 1, 1], [1, 1, 1, 1], [1, 1, 1, 1], [0, 1, 1, 1], [1, 0, 1, 0, 1], [1, 0, 1, 1], [1, 1, 1, 1], [1, 1, 0, 0, 1]]
Round 53: [[0, 1, 1, 1], [1, 1, 0, 1], [1, 1, 1, 1], [1, 0, 0, 0, 0, 0, 0, 1, 0], [0, 1, 0, 1, 1], [0, 0, 1, 1, 1], [1, 0, 1, 1], [1, 1, 1, 0], [1, 1, 1, 0], [1, 0, 1, 1], [0, 0, 1, 0, 1, 0, 1], [1, 0, 0, 1, 1], [0, 0, 1, 1, 1], [1, 0, 1, 0, 1], [1, 1, 1, 1], [1, 0, 1, 0, 1]]
Round 54: [[1, 1, 0, 0, 0, 1], [1, 1, 1, 1], [0, 1, 1, 0, 1], [1, 1, 1, 1], [0, 1, 1, 1], [1, 1, 1, 0], [1, 0, 1, 0, 1], [1, 1, 1, 0], [1, 1, 1, 1], [1, 0, 0, 1, 0, 1], [0, 0, 0, 1, 1, 1], [1, 1, 1, 1], [1, 1, 1, 0], [1, 1, 1, 1], [1, 1, 1, 1], [1, 1, 1, 1]]
Round 55: [[1, 1, 1, 1], [1, 1, 1, 0], [1, 1, 1, 1], [0, 1, 1, 1], [1, 1, 1, 1], [1, 1, 1, 0], [1, 1, 0, 1], [0, 1, 1, 0, 1], [1, 1, 1, 1], [1, 0, 1, 1], [1, 1, 1, 1], [1, 1, 1, 1], [1, 1, 1, 0], [1, 1, 1, 1], [1, 0, 1, 0, 1], [0, 1, 1, 1]]
Round 56: [[1, 1, 1, 0], [1, 0, 1, 0, 1], [1, 1, 0, 0, 0, 1], [1, 1, 1, 1], [0, 1, 0, 0, 1, 1], [1, 1, 1, 1], [1, 1, 1, 1], [1, 1, 1, 0], [0, 1, 1, 0, 1], [1, 0, 1, 1], [1, 1, 1, 1], [1, 1, 0, 1], [1, 1, 0, 0, 0, 0, 1], [1, 1, 1, 1], [1, 0, 0, 0, 0, 0, 1, 1], [1, 1, 0, 1]]
Round 57: [[0, 1, 1, 1], [0, 0, 0, 0, 1, 1, 1], [1, 1, 0, 0, 1], [1, 1, 1, 1], [1, 1, 1, 1], [1, 1, 1, 0], [0, 0, 1, 1, 1], [0, 0, 1, 1, 1], [1, 0, 0, 1, 1], [0, 0, 1, 1, 1], [1, 1, 1, 0], [0, 1, 1, 1], [1, 1, 1, 0], [0, 1, 0, 1, 0, 0, 1], [1, 1, 0, 1], [1, 1, 1, 1]]
Round 58: [[1, 1, 1, 0], [0, 1, 1, 0, 1], [1, 1, 1, 1], [1, 1, 1, 1], [1, 1, 1, 1], [1, 0, 0, 1, 1], [1, 1, 1, 1], [1, 1, 1, 1], [1, 1, 1, 1], [1, 1, 1, 1], [1, 0, 1, 0, 1], [1, 1, 1, 1], [0, 1, 1, 1], [0, 0, 1, 1, 1], [0, 0, 1, 0, 1, 1], [1, 0, 1, 1]]
Round 59: [[1, 1, 1, 0], [1, 1, 1, 1], [1, 1, 0, 0, 0, 1], [1, 1, 1, 1], [1, 1, 1, 0], [1, 1, 1, 1], [1, 0, 1, 1], [0, 0, 1, 1, 1], [1, 1, 1, 0], [0, 1, 0, 1, 1], [1, 1, 0, 0, 0, 1], [1, 1, 1, 0], [1, 1, 1, 0], [0, 1, 1, 0, 1], [1, 1, 0, 0, 1], [0, 1, 0, 1, 1]]
Round 60: [[1, 1, 1, 1], [1, 1, 1, 1], [1, 0, 0, 1, 0, 1], [1, 1, 0, 1], [1, 1, 1, 1], [1, 1, 1, 1], [1, 0, 1, 0, 0, 1], [1, 0, 1, 1], [1, 1, 1, 1], [1, 1, 0, 1], [0, 1, 1, 0, 1], [1, 1, 1, 1], [1, 1, 1, 1], [0, 0, 1, 1, 1], [1, 1, 1, 1], [1, 0, 1, 1]]
Round 61: [[1, 1, 0, 1], [1, 0, 1, 0, 1], [1, 0, 0, 0, 1, 1], [1, 1, 1, 1], [1, 1, 1, 0], [1, 1, 1, 0], [1, 1, 1, 1], [1, 1, 1, 1], [1, 0, 1, 1], [1, 0, 1, 1], [0, 1, 0, 1, 1], [1, 1, 1, 1], [0, 1, 0, 1, 0, 1], [1, 1, 0, 0, 0, 1], [1, 1, 1, 1], [1, 1, 1, 1]]
Round 62: [[1, 1, 0, 1], [1, 0, 0, 1, 1], [1, 0, 1, 0, 1], [0, 1, 1, 1], [1, 0, 0, 1, 1], [1, 1, 1, 1], [0, 1, 1, 1], [1, 1, 1, 1], [0, 1, 0, 1, 1], [1, 1, 0, 1], [0, 1, 1, 1], [1, 0, 1, 1], [0, 1, 1, 1], [1, 0, 1, 1], [1, 1, 1, 1], [0, 0, 1, 1, 1]]
Round 63: [[0, 1, 1, 1], [0, 1, 0, 1, 1], [1, 1, 1, 1], [1, 0, 1, 1], [1, 1, 1, 0], [1, 1, 1, 1], [1, 0, 0, 1, 1], [1, 1, 1, 1], [1, 0, 1, 0, 0, 1], [0, 1, 1, 0, 1], [0, 1, 1, 0, 0, 1], [1, 1, 1, 0], [0, 1, 1, 1], [1, 1, 1, 1], [1, 0, 0, 0, 1, 1], [1, 1, 1, 0]]
Round 64: [[0, 0, 1, 1, 1], [1, 1, 1, 1], [1, 0, 1, 1], [1, 1, 0, 1], [1, 1, 1, 0], [1, 1, 0, 1], [1, 1, 1, 1], [0, 1, 1, 0, 1], [1, 1, 1, 1], [1, 1, 1, 1], [1, 1, 1, 1], [0, 1, 1, 1], [0, 1, 1, 1], [0, 1, 1, 1], [1, 1, 0, 1], [1, 1, 1, 1]]
Round 65: [[1, 1, 0, 1], [1, 1, 0, 0, 0, 0, 1], [1, 1, 1, 1], [1, 1, 1, 1], [1, 1, 1, 1], [1, 0, 1, 1], [1, 1, 1, 0], [1, 1, 1, 1], [1, 1, 1, 1], [1, 0, 0, 0, 1, 1], [1, 1, 0, 1], [1, 1, 1, 1], [0, 1, 0, 1, 1], [1, 1, 1, 1], [1, 0, 0, 1, 1], [1, 1, 1, 1]]
Round 66: [[0, 0, 0, 1, 1, 1], [1, 1, 1, 0], [1, 1, 1, 1], [1, 1, 1, 1], [1, 1, 1, 1], [1, 1, 1, 0], [0, 1, 1, 0, 1], [1, 1, 0, 1], [1, 1, 1, 1], [1, 1, 0, 1], [1, 1, 1, 1], [1, 1, 0, 1], [0, 1, 0, 1, 1], [1, 1, 1, 0], [0, 1, 1, 1], [0, 1, 1, 1]]
Round 67: [[1, 0, 1, 1], [1, 0, 1, 1], [1, 1, 1, 1], [1, 1, 1, 1], [0, 1, 1, 1], [1, 1, 1, 1], [1, 1, 0, 1], [1, 1, 1, 0], [1, 1, 1, 1], [0, 1, 1, 1], [0, 1, 1, 1], [1, 1, 1, 0], [0, 0, 0, 1, 1, 1], [0, 1, 1, 0, 0, 0, 0, 1], [1, 1, 0, 1], [0, 1, 0, 1, 1]]
Round 68: [[1, 0, 1, 1], [1, 1, 0, 1], [0, 1, 1, 1], [1, 0, 1, 1], [0, 1, 1, 1], [1, 1, 0, 1], [1, 1, 0, 1], [1, 1, 1, 1], [0, 1, 1, 1], [0, 0, 1, 1, 1], [1, 0, 0, 1, 0, 0, 1], [1, 1, 1, 0], [0, 0, 1, 1, 0, 1], [1, 0, 1, 1], [1, 1, 1, 1], [1, 1, 1, 1]]
Round 69: [[1, 1, 1, 1], [1, 1, 1, 1], [0, 0, 1, 1, 1], [1, 0, 1, 1], [1, 0, 1, 0, 1], [1, 1, 1, 0], [1, 1, 1, 1], [1, 1, 1, 1], [1, 1, 1, 0], [1, 1, 0, 1], [1, 1, 0, 0, 0, 1], [1, 1, 1, 1], [1, 1, 1, 1], [1, 1, 1, 1], [1, 1, 1, 1], [1, 0, 1, 1]]
Round 70: [[1, 1, 0, 1], [0, 0, 1, 1, 1], [0, 1, 1, 1], [0, 1, 0, 0, 1, 1], [1, 1, 1, 1], [0, 1, 0, 1, 1], [0, 1, 1, 0, 1], [1, 1, 1, 1], [1, 1, 1, 1], [1, 0, 1, 1], [1, 0, 0, 1, 1], [1, 1, 1, 1], [1, 0, 0, 1, 1], [1, 1, 0, 1], [1, 0, 1, 1], [1, 1, 1, 1]]
Round 71: [[0, 1, 1, 1], [1, 0, 1, 1], [1, 1, 0, 1], [1, 1, 1, 1], [1, 0, 1, 1], [1, 1, 1, 1], [1, 1, 1, 1], [0, 0, 1, 1, 0, 1], [1, 1, 1, 1], [1, 1, 0, 1], [0, 1, 0, 0, 1, 1], [1, 0, 1, 1], [0, 0, 1, 1, 0, 1], [0, 1, 1, 1], [1, 1, 1, 0], [1, 1, 1, 0]]
Round 72: [[1, 1, 0, 1], [1, 1, 1, 1], [1, 1, 0, 1], [1, 1, 1, 1], [0, 1, 1, 1], [1, 0, 1, 1], [1, 1, 1, 1], [1, 1, 1, 1], [1, 1, 1, 1], [0, 1, 0, 1, 0, 1], [1, 1, 0, 1], [0, 1, 0, 1, 1], [0, 1, 0, 1, 1], [1, 1, 1, 1], [1, 1, 1, 1], [1, 0, 1, 1]]
Round 73: [[1, 1, 1, 1], [1, 1, 1, 1], [0, 1, 0, 1, 1], [1, 1, 0, 1], [1, 1, 1, 0], [1, 1, 1, 1], [1, 1, 1, 1], [1, 1, 1, 1], [1, 1, 1, 1], [1, 0, 1, 1], [1, 1, 0, 1], [0, 1, 1, 1], [1, 1, 1, 1], [1, 0, 0, 1, 1], [1, 1, 1, 1], [1, 1, 1, 1]]
Round 74: [[1, 0, 1, 1], [0, 1, 1, 1], [1, 1, 1, 1], [1, 0, 0, 1, 1], [1, 1, 0, 1], [1, 1, 1, 1], [1, 1, 1, 0], [0, 0, 1, 1, 1], [1, 1, 1, 1], [1, 1, 0, 1], [1, 1, 0, 1], [1, 0, 1, 0, 1], [1, 1, 1, 1], [1, 1, 1, 1], [0, 1, 1, 1], [1, 0, 1, 0, 1]]
Round 75: [[1, 0, 1, 0, 1], [1, 1, 0, 0, 0, 1], [1, 1, 0, 1], [1, 1, 1, 1], [1, 1, 1, 0], [1, 1, 1, 1], [1, 1, 1, 1], [0, 1, 0, 0, 0, 1, 0, 1], [1, 1, 1, 0], [1, 1, 0, 0, 1], [0, 1, 1, 0, 0, 1], [1, 1, 1, 1], [1, 1, 1, 1], [1, 1, 1, 0], [1, 0, 1, 0, 1], [1, 0, 1, 0, 0, 1]]
Round 76: [[1, 0, 1, 1], [0, 1, 1, 0, 0, 1], [1, 1, 0, 0, 1], [1, 1, 1, 1], [1, 0, 1, 1], [1, 1, 1, 1], [1, 1, 1, 1], [1, 1, 1, 1], [1, 0, 1, 0, 1], [1, 1, 1, 1], [1, 1, 1, 1], [1, 1, 1, 1], [0, 1, 1, 1], [0, 1, 0, 1, 1], [1, 1, 1, 1], [1, 1, 0, 1]]
Round 77: [[1, 0, 1, 1], [1, 1, 1, 1], [1, 1, 1, 1], [1, 1, 1, 1], [1, 1, 1, 1], [1, 1, 1, 1], [0, 0, 1, 1, 1], [1, 0, 1, 1], [0, 1, 0, 1, 1], [1, 1, 1, 1], [1, 1, 0, 1], [1, 0, 0, 1, 1], [1, 0, 1, 1], [1, 0, 1, 0, 1], [1, 1, 0, 1], [1, 0, 1, 1]]
Round 78: [[0, 1, 1, 1], [0, 1, 1, 0, 1], [1, 1, 1, 1], [1, 1, 1, 0], [1, 1, 1, 1], [1, 0, 1, 1], [1, 0, 1, 1], [1, 1, 1, 0], [1, 0, 1, 1], [1, 1, 0, 1], [1, 1, 0, 1], [1, 1, 1, 1], [1, 0, 1, 1], [1, 1, 1, 1], [1, 1, 0, 1], [0, 1, 1, 1]]
Round 79: [[1, 1, 1, 1], [1, 0, 1, 1], [1, 1, 0, 1], [0, 0, 1, 0, 1, 1], [1, 1, 1, 1], [1, 1, 1, 1], [1, 1, 1, 1], [0, 1, 1, 1], [1, 0, 1, 0, 1], [0, 0, 0, 1, 1, 1], [0, 0, 1, 0, 1, 1], [1, 0, 1, 1], [1, 1, 0, 1], [1, 1, 1, 0], [1, 1, 1, 1], [1, 1, 1, 1]]
Round 80: [[1, 0, 1, 0, 0, 1], [1, 1, 0, 0, 1], [1, 1, 1, 1], [0, 1, 0, 1, 1], [0, 1, 1, 1], [1, 1, 0, 1], [0, 1, 1, 1], [1, 1, 1, 1], [0, 1, 1, 0, 1], [1, 1, 1, 1], [0, 1, 1, 1], [1, 1, 0, 0, 1], [1, 0, 0, 1, 1], [0, 1, 1, 1], [1, 1, 1, 1], [0, 0, 1, 1, 1]]
Round 81: [[1, 1, 0, 1], [1, 0, 1, 1], [0, 1, 1, 1], [1, 0, 1, 1], [1, 1, 1, 1], [1, 1, 1, 0], [1, 0, 1, 1], [1, 1, 1, 1], [0, 1, 1, 0, 0, 1], [1, 1, 1, 1], [1, 1, 1, 0], [0, 0, 1, 0, 1, 1], [0, 1, 0, 1, 1], [1, 0, 1, 0, 1], [0, 1, 1, 1], [1, 1, 1, 1]]
Round 82: [[0, 1, 1, 1], [1, 1, 1, 0], [0, 1, 1, 1], [0, 1, 0, 1, 1], [1, 1, 1, 1], [1, 1, 1, 1], [0, 1, 1, 1], [1, 1, 1, 1], [1, 0, 1, 1], [0, 0, 1, 1, 1], [1, 1, 1, 0], [1, 0, 1, 0, 1], [1, 1, 1, 0], [1, 0, 1, 1], [1, 1, 1, 1], [1, 1, 1, 1]]
Round 83: [[0, 1, 1, 1], [1, 1, 1, 0], [0, 1, 1, 1], [1, 1, 0, 0, 1], [0, 1, 1, 1], [0, 1, 1, 1], [0, 1, 1, 1], [1, 1, 1, 1], [0, 1, 1, 1], [1, 1, 1, 1], [1, 1, 1, 0], [1, 1, 1, 1], [1, 1, 0, 1], [1, 0, 1, 1], [1, 0, 1, 1], [1, 1, 1, 1]]
Round 84: [[0, 1, 1, 1], [1, 1, 1, 0], [1, 1, 1, 0], [1, 1, 1, 1], [0, 1, 1, 1], [1, 1, 1, 1], [1, 0, 1, 0, 1], [1, 0, 1, 1], [1, 1, 0, 0, 1], [1, 1, 1, 1], [1, 1, 0, 1], [1, 1, 0, 0, 1], [1, 1, 1, 1], [1, 1, 1, 1], [1, 1, 1, 1], [0, 0, 0, 1, 1, 1]]
Round 85: [[1, 1, 0, 1], [0, 1, 1, 0, 1], [1, 1, 1, 1], [1, 1, 1, 1], [1, 1, 0, 1], [0, 0, 1, 1, 1], [0, 1, 0, 1, 0, 1], [1, 0, 1, 0, 1], [1, 1, 1, 1], [1, 1, 1, 1], [0, 1, 1, 1], [1, 1, 1, 1], [1, 1, 1, 1], [1, 1, 1, 1], [1, 0, 1, 1], [1, 1, 1, 0]]
Round 86: [[0, 0, 1, 0, 0, 1, 1], [1, 0, 1, 1], [1, 1, 1, 0], [1, 0, 1, 1], [1, 0, 1, 1], [1, 0, 1, 1], [1, 1, 1, 1], [1, 1, 1, 1], [1, 0, 1, 1], [0, 1, 0, 1, 1], [0, 1, 1, 1], [1, 1, 1, 1], [1, 1, 0, 1], [1, 0, 0, 0, 1, 0, 0, 0, 1], [1, 1, 1, 0], [1, 1, 1, 1]]
Round 87: [[1, 0, 0, 1, 1], [1, 0, 0, 1, 1], [1, 1, 0, 0, 0, 0, 1], [0, 1, 1, 1], [0, 1, 1, 1], [1, 1, 0, 1], [1, 0, 0, 0, 1, 0, 1], [1, 1, 1, 1], [0, 1, 1, 1], [1, 1, 0, 0, 0, 0, 1], [1, 1, 1, 1], [1, 0, 1, 1], [0, 1, 1, 1], [1, 1, 0, 1], [1, 0, 0, 1, 0, 0, 1], [1, 1, 1, 1]]
Round 88: [[1, 1, 1, 1], [1, 1, 0, 1], [1, 1, 1, 1], [1, 1, 1, 0], [1, 1, 1, 1], [1, 1, 1, 0], [1, 1, 1, 1], [0, 1, 1, 1], [1, 1, 1, 1], [1, 1, 1, 0], [0, 1, 1, 1], [1, 1, 1, 1], [1, 1, 1, 1], [0, 1, 1, 1], [1, 1, 1, 1], [1, 1, 1, 1]]
Round 89: [[1, 0, 1, 1], [1, 1, 1, 1], [1, 1, 1, 1], [1, 1, 1, 1], [1, 1, 1, 1], [1, 1, 1, 1], [1, 1, 1, 0], [1, 1, 1, 1], [1, 1, 1, 1], [1, 1, 1, 1], [0, 1, 1, 1], [0, 1, 0, 1, 1], [0, 0, 1, 1, 1], [0, 1, 1, 1], [0, 0, 1, 1, 0, 0, 1], [1, 1, 1, 1]]
Round 90: [[1, 1, 1, 1], [1, 1, 1, 1], [0, 1, 1, 1], [1, 1, 0, 1], [1, 1, 1, 1], [1, 1, 1, 1], [1, 0, 1, 1], [1, 0, 0, 1, 1], [0, 0, 1, 1, 1], [0, 1, 1, 1], [0, 0, 1, 0, 0, 1, 1], [1, 1, 1, 1], [1, 1, 0, 1], [1, 0, 1, 1], [0, 1, 1, 1], [1, 1, 1, 1]]
Round 91: [[0, 0, 1, 0, 1, 0, 1], [1, 1, 1, 1], [0, 0, 1, 1, 1], [1, 1, 0, 1], [0, 1, 1, 0, 0, 1], [1, 1, 0, 1], [1, 0, 1, 1], [1, 1, 1, 1], [1, 1, 0, 1], [1, 1, 1, 0], [1, 1, 1, 1], [1, 1, 1, 1], [1, 1, 1, 1], [0, 0, 1, 1, 1], [1, 1, 1, 1], [1, 1, 0, 1]]
Round 92: [[1, 1, 0, 1], [1, 1, 0, 1], [1, 1, 1, 1], [1, 1, 1, 1], [1, 1, 1, 1], [1, 1, 0, 1], [1, 1, 1, 1], [1, 0, 1, 0, 1], [1, 1, 1, 1], [1, 1, 1, 1], [0, 1, 0, 0, 1, 1], [0, 1, 1, 1], [1, 0, 1, 1], [0, 0, 1, 1, 1], [1, 1, 0, 1], [0, 0, 1, 1, 1]]
Round 93: [[1, 1, 1, 1], [1, 0, 1, 0, 1], [1, 1, 1, 1], [1, 1, 1, 0], [0, 0, 1, 1, 1], [1, 1, 1, 0], [0, 1, 0, 1, 1], [1, 1, 0, 1], [1, 1, 1, 1], [1, 1, 1, 1], [0, 1, 0, 1, 0, 1], [1, 1, 0, 1], [1, 1, 1, 1], [1, 1, 1, 1], [1, 1, 1, 1], [1, 1, 1, 1]]
Round 94: [[1, 1, 1, 1], [1, 1, 1, 0], [1, 0, 1, 0, 1], [1, 1, 1, 1], [0, 0, 1, 0, 1, 1], [1, 1, 1, 0], [1, 1, 1, 0], [1, 0, 1, 0, 0, 1], [1, 1, 1, 0], [1, 0, 1, 1], [0, 1, 1, 1], [0, 1, 0, 1, 1], [0, 1, 0, 0, 1, 1], [0, 1, 1, 1], [1, 1, 1, 1], [1, 0, 0, 1, 0, 1]]
Round 95: [[0, 1, 1, 1], [1, 0, 1, 1], [0, 1, 1, 1], [1, 1, 1, 1], [1, 1, 1, 0], [1, 0, 1, 1], [1, 1, 1, 1], [1, 1, 0, 1], [1, 1, 1, 1], [1, 1, 0, 1], [1, 1, 0, 1], [1, 1, 1, 1], [1, 0, 1, 0, 1], [1, 1, 0, 1], [1, 1, 1, 1], [1, 1, 1, 1]]
Round 96: [[1, 0, 1, 1], [1, 1, 1, 1], [1, 1, 1, 0], [1, 1, 1, 1], [1, 1, 1, 0], [1, 0, 0, 1, 1, 1], [0, 1, 0, 1, 1], [1, 1, 1, 1], [1, 1, 1, 1], [1, 0, 1, 1], [1, 1, 0, 1], [1, 1, 0, 1], [0, 1, 1, 1], [1, 1, 0, 1], [1, 1, 1, 0], [1, 1, 1, 0]]
Round 97: [[1, 1, 1, 0], [1, 1, 1, 0], [1, 1, 1, 0], [0, 0, 1, 0, 1, 1], [0, 1, 1, 1], [1, 0, 1, 1], [1, 1, 1, 1], [1, 1, 1, 1], [1, 1, 1, 1], [1, 1, 1, 1], [1, 1, 1, 1], [0, 1, 1, 1], [1, 0, 1, 1], [0, 0, 1, 1, 0, 1], [1, 1, 1, 0], [1, 0, 1, 0, 0, 0, 1]]
Round 98: [[1, 1, 1, 1], [1, 1, 0, 1], [1, 1, 0, 0, 1], [1, 0, 1, 1], [1, 1, 1, 0], [0, 1, 1, 0, 1], [1, 1, 1, 1], [0, 1, 1, 1], [0, 1, 1, 1], [1, 1, 1, 1], [1, 0, 1, 0, 1], [0, 1, 1, 1], [1, 1, 1, 1], [1, 0, 1, 0, 1], [1, 1, 1, 1], [1, 1, 0, 0, 1]]
Round 99: [[0, 1, 1, 0, 0, 0, 1], [1, 1, 1, 1], [1, 1, 0, 1], [1, 1, 0, 1], [1, 1, 0, 1], [1, 1, 1, 1], [1, 0, 1, 1], [1, 1, 1, 1], [0, 1, 1, 0, 1], [1, 0, 1, 0, 1], [1, 0, 1, 1], [1, 0, 1, 1], [1, 1, 1, 0], [0, 1, 0, 1, 0, 0, 1], [1, 0, 1, 0, 1], [0, 0, 0, 1, 1, 0, 1]]
